# x  t
   0.061 3.096
   0.101 3.988
   0.132 14.682
   0.172 9.314
   0.212 8.639
   0.263 6.711
   0.303 12.528
   0.334 10.990
   0.384 6.791
   0.414 14.254
   0.465 6.788
   0.495 14.083
   0.535 8.543
   0.576 10.570
   0.616 8.491
   0.667 8.440
   0.697 11.288
   0.747 8.429
   0.778 11.290
   0.828 8.400
   0.858 11.357
   0.909 6.849
   0.939 14.386
   0.990 6.787
   1.020 14.285
   1.060 8.570
   1.101 10.521
   1.141 8.458
   1.192 8.438
   1.222 11.321
   1.272 8.369
   1.303 11.289
   1.353 8.480
   1.384 11.312
   1.434 6.671
   1.464 14.352
   1.515 6.827
   1.545 14.243
   1.585 8.545
   1.626 10.513
   1.666 8.518
   1.717 8.440
   1.747 11.319
   1.797 8.490
   1.828 11.289
   1.878 8.383
   1.909 11.321
   1.959 6.789
   1.989 14.385
   2.040 6.828
   2.070 14.254
   2.110 8.495
   2.151 10.490
   2.191 8.468
   2.242 8.404
   2.272 11.284
   2.322 8.489
   2.353 11.324
   2.403 8.416
   2.433 11.322
   2.484 6.788
   2.514 14.352
   2.565 6.847
   2.595 14.318
   2.635 8.520
   2.686 8.343
   2.716 11.321
   2.767 8.423
   2.797 11.224
   2.847 8.390
   2.878 11.288
   2.928 8.402
   2.958 11.322
   3.009 6.760
   3.039 14.085
   3.090 6.807
   3.120 14.216
   3.160 8.569
   3.201 10.523
   3.241 8.519
   3.292 8.460
   3.322 11.320
   3.372 8.468
   3.403 11.223
   3.453 8.424
   3.483 11.220
   3.534 6.731
   3.564 14.386
   3.615 6.844
   3.645 14.288
   3.685 8.517
   3.726 10.524
   3.766 8.468
   3.817 8.439
   3.847 11.321
   3.897 8.448
   3.928 11.257
   3.978 8.399
   4.008 11.308
   4.059 6.727
   4.089 13.987
   4.140 6.747
   4.170 14.348
   4.221 6.783
   4.251 14.022
   4.291 8.520
   4.342 8.461
   4.372 11.388
   4.422 8.449
   4.453 11.286
   4.503 8.384
   4.533 11.321
   4.584 6.789
   4.614 14.113
   4.665 6.827
   4.695 14.445
   4.735 8.567
   4.776 10.525
   4.816 8.517
   4.867 8.403
   4.897 11.223
   4.947 8.423
   4.978 11.323
   5.028 8.419
   5.058 11.222
   5.109 6.730
   5.139 14.052
   5.190 6.772
   5.220 14.086
   5.270 6.848
   5.301 14.416
   5.341 8.518
   5.381 10.451
   5.422 8.421
   5.472 8.405
   5.503 11.392
   5.553 8.500
   5.583 11.356
   5.634 8.375
   5.664 11.285
   5.715 6.831
   5.745 14.452
   5.795 6.827
   5.826 14.280
   5.866 8.493
   5.906 10.425
   5.947 8.544
   5.997 8.429
   6.028 11.290
   6.078 8.446
   6.108 11.355
   6.159 8.398
   6.189 11.349
   6.240 6.790
   6.270 14.383
   6.320 6.806
   6.351 14.223
   6.391 8.541
   6.431 10.451
   6.472 8.468
   6.522 8.420
   6.553 11.284
   6.603 8.423
   6.633 11.257
   6.684 8.361
   6.714 11.285
   6.765 6.770
   6.795 14.453
   6.845 6.903
   6.876 14.387
   6.916 8.541
   6.956 10.575
   6.997 8.543
   7.047 8.407
   7.077 11.290
   7.128 8.418
   7.158 11.285
   7.209 8.402
   7.239 11.280
   7.290 6.730
   7.320 14.320
   7.371 6.810
   7.401 14.318
   7.441 8.468
   7.482 10.497
   7.522 8.568
   7.572 8.442
   7.603 11.329
   7.653 8.385
   7.684 11.256
   7.734 8.419
   7.764 11.351
   7.815 6.790
   7.845 14.253
   7.896 6.746
   7.926 14.253
   7.976 6.844
   8.007 14.294
   8.047 8.518
   8.088 10.492
   8.128 8.518
   8.178 8.465
   8.209 11.322
   8.259 8.441
   8.289 11.249
   8.340 8.497
   8.370 11.323
   8.421 6.747
   8.451 14.387
   8.502 6.847
   8.532 14.381
   8.572 8.517
   8.613 10.470
   8.653 8.467
   8.703 8.386
   8.734 11.322
   8.784 8.502
   8.815 11.218
   8.865 8.300
   8.895 11.382
   8.946 6.806
   8.976 14.315
   9.027 6.809
   9.057 14.352
   9.097 8.543
   9.138 10.494
   9.178 8.519
   9.229 8.401
   9.259 11.283
   9.309 8.406
   9.340 11.356
   9.390 8.404
   9.420 11.278
   9.471 6.809
   9.501 14.382
   9.552 6.865
   9.582 14.321
   9.622 8.438
   9.663 10.422
   9.703 8.491
   9.754 8.457
   9.784 11.419
   9.834 8.369
   9.865 11.292
   9.915 8.423
   9.945 11.348
   9.996 6.808
   10.026 14.417
   10.077 6.826
   10.107 14.254
   10.147 8.468
   10.188 10.469
   10.228 8.442
   10.279 8.404
   10.309 11.357
   10.359 8.447
   10.390 11.259
   10.440 8.364
   10.470 11.314
   10.521 6.809
   10.551 14.413
   10.602 6.847
   10.632 13.990
   10.672 8.491
   10.713 10.571
   10.753 8.568
   10.804 8.421
   10.834 11.317
   10.884 8.429
   10.915 11.290
   10.965 8.423
   10.995 11.317
   11.046 6.808
   11.076 14.252
   11.127 6.785
   11.157 14.055
   11.197 8.467
   11.238 10.496
   11.278 8.568
   11.329 8.485
   11.359 11.291
   11.409 8.420
   11.440 11.316
   11.490 8.423
   11.520 11.220
   11.571 6.710
   11.601 14.403
   11.652 6.807
   11.682 14.221
   11.722 8.468
   11.763 10.495
   11.803 8.492
   11.854 8.401
   11.884 11.315
   11.934 8.429
   11.965 11.390
   12.015 8.502
   12.045 11.352
   12.096 6.808
   12.126 14.353
   12.177 6.866
   12.207 14.418
   12.247 8.519
   12.288 10.421
   12.328 8.444
   12.379 8.439
   12.409 11.280
   12.459 8.449
   12.490 11.223
   12.540 8.464
   12.570 11.351
   12.621 6.768
   12.651 14.254
   12.702 6.866
   12.732 14.321
   12.772 8.519
   12.813 10.495
   12.853 8.469
   12.904 8.379
   12.934 11.251
   12.984 8.469
   13.015 11.310
   13.065 8.383
   13.095 11.286
   13.146 6.808
   13.176 14.352
   13.227 6.866
   13.257 14.287
   13.297 8.540
   13.338 10.471
   13.378 8.465
   13.429 8.400
   13.459 11.317
   13.509 8.467
   13.540 11.356
   13.590 8.463
   13.620 11.273
   13.671 6.763
   13.701 14.353
   13.752 6.787
   13.782 14.321
   13.822 8.617
   13.863 10.472
   13.903 8.445
   13.954 8.399
   13.984 11.351
   14.034 8.396
   14.065 11.217
   14.115 8.382
   14.146 11.350
   14.196 6.769
   14.226 14.312
   14.277 6.826
   14.307 14.320
   14.348 8.590
   14.388 10.551
   14.428 8.517
   14.479 8.460
   14.509 11.251
   14.559 8.427
   14.590 11.323
   14.640 8.421
   14.671 11.282
   14.721 6.789
   14.751 14.310
   14.802 6.786
   14.832 14.321
   14.883 6.767
   14.913 14.024
   14.953 8.518
   15.004 8.441
   15.034 11.350
   15.085 8.445
   15.115 11.288
   15.165 8.441
   15.196 11.382
   15.246 6.768
   15.276 14.283
   15.327 6.726
   15.357 14.286
   15.408 6.885
   15.438 14.288
   15.478 8.423
   15.519 10.469
   15.559 8.469
   15.610 8.398
   15.640 11.288
   15.690 8.518
   15.721 11.417
   15.771 8.481
   15.801 11.351
   15.852 6.729
   15.882 14.352
   15.933 6.865
   15.963 14.419
   16.003 8.514
   16.044 10.447
   16.084 8.442
   16.135 8.348
