# t  x
   0.051 0.000
   0.091 0.000
   0.132 0.396
   0.172 2.130
   0.212 5.248
   0.233 26.517
   0.273 10.474
   0.334 5.614
   0.374 8.471
   0.414 10.502
   0.455 8.567
   0.495 10.397
   0.535 8.519
   0.576 10.125
   0.616 8.170
   0.626 40.312
   0.697 4.727
   0.707 41.048
   0.778 4.561
   0.788 41.452
   0.858 4.897
   0.899 8.741
   0.939 10.700
   0.980 8.814
   1.020 11.067
   1.060 8.916
   1.101 10.719
   1.141 8.730
   1.151 41.996
   1.222 4.826
   1.232 41.827
   1.303 4.759
   1.313 40.653
   1.384 4.654
   1.424 8.297
   1.464 10.129
   1.505 8.320
   1.545 10.370
   1.585 8.371
   1.626 10.439
   1.666 8.717
   1.676 43.483
   1.747 5.024
   1.757 43.517
   1.828 5.014
   1.838 43.225
   1.909 4.912
   1.949 8.642
   1.989 10.402
   2.030 8.419
   2.070 10.351
   2.110 8.322
   2.151 9.946
   2.191 8.147
   2.201 40.703
   2.272 4.813
   2.282 41.048
   2.353 4.731
   2.363 43.221
   2.433 5.038
   2.474 8.939
   2.514 10.944
   2.555 8.840
   2.595 10.695
   2.635 8.694
   2.646 42.240
   2.716 4.883
   2.726 40.893
   2.797 4.786
   2.807 41.246
   2.878 4.688
   2.888 40.059
   2.958 4.685
   2.999 8.359
   3.039 10.100
   3.080 8.616
   3.120 10.645
   3.160 8.668
   3.201 10.721
   3.241 8.841
   3.251 44.466
   3.322 4.939
   3.332 42.820
   3.403 4.914
   3.413 42.339
   3.483 4.855
   3.524 8.421
   3.564 10.254
   3.605 8.216
   3.645 10.277
   3.685 8.344
   3.726 10.004
   3.766 8.121
   3.776 41.403
   3.847 4.883
   3.857 42.726
   3.928 4.943
   3.938 44.020
   4.008 5.035
   4.049 8.937
   4.089 10.869
   4.130 8.591
   4.170 10.521
   4.210 8.593
   4.251 10.464
   4.291 8.272
   4.301 40.344
   4.372 4.784
   4.382 40.158
   4.453 4.631
   4.463 41.048
   4.533 4.799
   4.574 8.388
   4.614 10.531
   4.655 8.938
   4.695 10.916
   4.735 8.790
   4.776 10.822
   4.816 8.889
   4.826 42.846
   4.897 4.898
   4.907 42.042
   4.978 4.841
   4.988 41.448
   5.058 4.741
   5.099 8.240
   5.139 9.988
   5.180 8.249
   5.220 10.253
   5.260 8.396
   5.301 10.250
   5.341 8.468
   5.381 10.649
   5.422 8.842
   5.432 43.371
   5.503 5.028
   5.513 43.719
   5.583 4.926
   5.593 43.341
   5.664 4.824
   5.704 8.496
   5.745 10.453
   5.785 8.370
   5.826 10.248
   5.866 8.146
   5.906 10.128
   5.947 8.246
   5.957 40.158
   6.028 4.759
   6.038 42.532
   6.108 4.928
   6.118 42.478
   6.189 5.037
   6.229 9.113
   6.270 10.896
   6.310 8.738
   6.351 10.723
   6.391 8.739
   6.431 10.352
   6.472 8.493
   6.482 41.272
   6.553 4.670
   6.563 40.550
   6.633 4.714
   6.643 40.724
   6.714 4.628
   6.754 8.321
   6.795 10.551
   6.835 8.489
   6.876 10.647
   6.916 8.888
   6.956 10.897
   6.997 8.840
   7.007 42.808
   7.077 4.985
   7.088 43.014
   7.158 4.839
   7.168 42.223
   7.239 4.754
   7.279 8.421
   7.320 10.227
   7.360 8.191
   7.401 10.174
   7.441 8.221
   7.482 10.250
   7.522 8.370
   7.532 40.834
   7.603 4.935
   7.613 43.190
   7.684 5.012
   7.694 43.620
   7.764 5.079
   7.805 8.841
   7.845 10.575
   7.886 8.737
   7.926 10.498
   7.966 8.492
   8.007 10.283
   8.047 8.394
   8.088 10.071
   8.128 8.047
   8.138 41.135
   8.209 4.701
   8.219 40.550
   8.289 4.726
   8.300 43.022
   8.370 4.995
   8.411 8.615
   8.451 10.919
   8.491 9.086
   8.532 10.845
   8.572 8.739
   8.613 10.594
   8.653 8.641
   8.663 41.576
   8.734 4.787
   8.744 41.522
   8.815 4.614
   8.825 40.720
   8.895 4.712
   8.936 8.269
   8.976 10.100
   9.017 8.270
   9.057 10.619
   9.097 8.642
   9.138 10.618
   9.178 8.865
   9.188 43.676
   9.259 5.038
   9.269 42.894
   9.340 4.942
   9.350 42.429
   9.420 4.840
   9.461 8.593
   9.501 10.276
   9.542 8.367
   9.582 10.153
   9.622 8.215
   9.663 10.001
   9.703 8.244
   9.713 41.597
   9.784 4.740
   9.794 41.708
   9.865 5.071
   9.875 44.218
   9.945 5.010
   9.986 8.766
   10.026 10.919
   10.067 8.813
   10.107 10.648
   10.147 8.642
   10.188 10.346
   10.228 8.318
   10.238 41.090
   10.309 4.744
   10.319 40.245
   10.390 4.575
   10.400 41.329
   10.470 4.784
   10.511 8.346
   10.551 10.299
   10.592 8.666
   10.632 10.945
   10.672 8.788
   10.713 10.992
   10.753 8.914
   10.763 42.688
   10.834 4.911
   10.844 42.635
   10.915 4.858
   10.925 41.325
   10.995 4.714
   11.036 8.394
   11.076 10.251
   11.117 8.242
   11.157 10.177
   11.197 8.194
   11.238 10.125
   11.278 8.493
   11.288 42.980
   11.359 4.900
   11.369 42.907
   11.440 5.052
   11.450 44.411
   11.520 4.968
   11.561 8.766
   11.601 10.590
   11.642 8.542
   11.682 10.648
   11.722 8.369
   11.763 9.975
   11.803 8.195
   11.813 41.000
   11.884 4.741
   11.894 40.059
   11.965 4.717
   11.975 42.334
   12.045 4.798
   12.086 8.641
   12.126 10.774
   12.167 8.887
   12.207 10.846
   12.247 8.840
   12.288 10.891
   12.328 8.617
   12.338 41.897
   12.409 4.896
   12.419 42.215
   12.490 4.745
   12.500 40.550
   12.570 4.671
   12.611 8.368
   12.651 9.980
   12.692 8.393
   12.732 10.276
   12.772 8.370
   12.813 10.346
   12.853 8.866
   12.863 44.028
   12.934 4.939
   12.944 43.521
   13.015 4.998
   13.025 43.418
   13.095 4.869
   13.136 8.568
   13.176 10.450
   13.217 8.466
   13.257 10.401
   13.297 8.293
   13.338 9.852
   13.378 8.242
   13.388 40.613
   13.459 4.727
   13.469 41.028
   13.540 4.801
   13.550 43.117
   13.620 4.938
   13.661 9.057
   13.701 11.115
   13.742 8.838
   13.782 10.698
   13.822 8.816
   13.863 10.546
   13.903 8.445
   13.913 41.173
   13.984 4.755
   13.994 40.839
   14.065 4.653
   14.075 40.946
   14.146 4.670
   14.186 8.173
   14.226 10.322
   14.267 8.639
   14.307 10.574
   14.348 8.665
   14.388 10.848
   14.428 9.037
   14.438 43.169
   14.509 4.968
   14.519 43.005
   14.590 4.914
   14.600 42.107
   14.671 4.826
   14.711 8.470
   14.751 10.149
   14.792 8.194
   14.832 10.227
   14.873 8.270
   14.913 10.053
   14.953 8.394
   14.963 41.189
   15.034 4.968
   15.044 42.305
   15.115 4.998
   15.125 43.702
   15.196 4.981
   15.236 8.889
   15.276 10.746
   15.317 8.690
   15.357 10.544
   15.398 8.568
   15.438 10.373
   15.478 8.349
   15.519 10.173
   15.559 8.197
   15.569 40.367
   15.640 4.699
   15.650 41.111
   15.721 4.712
   15.731 41.436
   15.801 4.982
   15.842 8.914
   15.882 10.872
   15.923 8.787
   15.963 10.871
   16.003 8.811
   16.044 10.570
   16.084 8.665
   16.094 41.992
