# x  t
   0.050 1.487
   0.101 4.552
   0.131 15.465
   0.182 6.726
   0.212 14.388
   0.252 8.466
   0.293 10.523
   0.333 8.544
   0.384 8.418
   0.414 11.281
   0.464 8.426
   0.495 11.290
   0.545 8.457
   0.576 11.353
   0.626 6.712
   0.656 14.518
   0.707 6.708
   0.737 14.453
   0.777 8.420
   0.818 10.522
   0.858 8.541
   0.909 8.398
   0.939 11.249
   0.989 8.387
   1.020 11.294
   1.070 8.416
   1.101 11.388
   1.151 6.769
   1.181 14.519
   1.232 6.728
   1.262 14.454
   1.302 8.436
   1.353 6.792
   1.394 8.421
   1.424 17.158
   1.464 8.567
   1.515 6.674
   1.555 8.394
   1.595 12.451
   1.626 10.847
   1.676 8.520
   1.707 11.321
   1.757 6.731
   1.787 14.482
   1.838 6.807
   1.868 14.387
   1.909 8.443
   1.949 10.522
   1.989 8.518
   2.040 8.384
   2.070 11.357
   2.120 8.381
   2.151 11.314
   2.201 8.345
   2.232 11.317
   2.282 6.713
   2.312 14.485
   2.363 6.748
   2.393 14.519
   2.433 8.393
   2.474 10.494
   2.514 8.591
   2.565 8.426
   2.595 11.357
   2.645 8.402
   2.676 11.385
   2.726 8.381
   2.757 11.322
   2.807 6.749
   2.837 14.485
   2.888 6.748
   2.918 14.420
   2.958 8.442
   2.999 10.498
   3.039 8.492
   3.090 8.418
   3.120 11.352
   3.170 8.385
   3.201 11.319
   3.251 8.423
   3.282 11.286
   3.332 6.770
   3.362 14.520
   3.413 6.724
   3.443 14.365
   3.484 8.444
   3.534 8.441
   3.564 11.317
   3.615 8.379
   3.645 11.410
   3.696 8.381
   3.726 11.350
   3.776 8.440
   3.807 11.288
   3.857 6.731
   3.887 14.487
   3.938 6.769
   3.968 14.390
   4.009 8.360
   4.049 10.550
   4.089 8.541
   4.140 8.375
   4.170 11.387
   4.221 8.386
   4.251 11.358
   4.301 8.423
   4.332 11.416
   4.382 6.710
   4.412 14.422
   4.463 6.774
   4.493 14.355
   4.534 8.444
   4.574 10.504
   4.614 8.544
   4.665 8.386
   4.695 11.325
   4.746 8.387
   4.776 11.326
   4.826 8.422
   4.857 11.316
   4.907 6.809
   4.937 14.484
   4.988 6.749
   5.018 14.388
   5.059 8.469
   5.099 10.530
   5.139 8.545
   5.190 8.404
   5.220 11.288
   5.270 8.362
   5.301 11.385
   5.351 8.423
   5.382 11.325
   5.432 6.669
   5.462 14.551
   5.513 6.729
   5.543 14.450
   5.583 8.467
   5.624 10.519
   5.664 8.439
   5.715 8.445
   5.745 11.352
   5.795 8.403
   5.826 11.351
   5.876 8.403
   5.907 11.288
   5.957 6.690
   5.987 14.487
   6.038 6.710
   6.068 14.485
   6.108 8.395
   6.149 10.516
   6.189 8.491
   6.240 8.417
   6.270 11.316
   6.320 8.469
   6.351 11.391
   6.401 8.402
   6.432 11.351
   6.482 6.767
   6.512 14.487
   6.563 6.748
   6.593 14.051
   6.633 8.494
   6.674 10.471
   6.714 8.517
   6.765 8.422
   6.795 11.282
   6.845 8.407
   6.876 11.357
   6.926 8.381
   6.957 11.352
   7.007 6.750
   7.037 14.487
   7.088 6.728
   7.118 14.487
   7.158 8.395
   7.199 10.497
   7.239 8.494
   7.290 8.425
   7.320 11.324
   7.370 8.410
   7.401 11.325
   7.451 8.403
   7.481 11.352
   7.532 6.750
   7.562 14.520
   7.613 6.728
   7.643 14.040
   7.683 8.496
   7.724 10.522
   7.764 8.492
   7.815 8.417
   7.845 11.351
   7.895 8.402
   7.926 11.315
   7.976 8.402
   8.006 11.384
   8.057 6.707
   8.087 14.485
   8.138 6.745
   8.168 14.452
   8.208 8.393
   8.249 10.520
   8.289 8.516
   8.340 8.436
   8.370 11.284
   8.420 8.403
   8.451 11.289
   8.501 8.382
   8.532 11.347
   8.582 6.749
   8.612 14.453
   8.663 6.706
   8.693 14.483
   8.734 8.443
   8.774 10.546
   8.814 8.518
   8.865 8.397
   8.895 11.366
   8.946 8.405
   8.976 11.287
   9.026 8.423
   9.057 11.383
   9.107 6.688
   9.137 14.550
   9.188 6.709
   9.218 14.452
   9.259 8.420
   9.299 10.501
   9.339 8.543
   9.390 8.438
   9.420 11.313
   9.471 8.358
   9.501 11.347
   9.551 8.440
   9.582 11.252
   9.632 6.708
   9.663 14.513
   9.713 6.688
   9.743 14.452
   9.784 8.444
   9.824 10.498
   9.865 8.493
   9.915 8.360
   9.945 11.381
   9.996 8.406
   10.026 11.357
   10.077 8.461
   10.107 11.387
   10.157 6.766
   10.188 14.419
   10.238 6.768
   10.268 14.484
   10.309 8.419
   10.349 10.471
   10.390 8.566
   10.440 8.361
   10.470 11.318
   10.521 8.406
   10.551 11.390
   10.602 8.403
   10.632 11.386
   10.682 6.689
   10.713 14.453
   10.763 6.747
   10.793 14.152
   10.834 8.492
   10.874 10.448
   10.915 8.487
   10.965 8.441
   10.995 11.282
   11.046 8.425
   11.076 11.256
   11.127 8.423
   11.157 11.288
   11.208 6.623
   11.248 8.283
   11.288 8.521
   11.319 17.059
   11.359 8.420
   11.409 6.709
   11.450 12.528
   11.490 8.417
   11.521 11.321
   11.571 8.426
   11.601 11.356
   11.652 8.400
   11.682 11.318
   11.733 6.711
   11.763 14.619
   11.813 6.668
   11.844 14.122
   11.894 6.783
   11.924 14.427
   11.965 8.469
   12.015 8.382
   12.046 11.316
   12.096 8.390
   12.126 11.343
   12.177 8.422
   12.207 11.316
   12.258 6.729
   12.288 14.453
   12.338 6.747
   12.369 14.452
   12.419 6.742
   12.449 14.091
   12.490 8.544
   12.540 8.406
   12.571 11.351
   12.621 8.390
   12.651 11.320
   12.702 8.423
   12.732 11.348
   12.783 8.421
   12.813 11.352
   12.863 6.708
   12.894 14.452
   12.944 6.706
   12.974 14.487
   13.015 8.419
   13.055 10.516
   13.096 8.544
   13.146 8.386
   13.176 11.455
   13.227 8.368
   13.257 11.323
   13.307 8.420
   13.338 11.351
   13.388 6.711
   13.419 14.451
   13.469 6.720
   13.499 14.085
   13.540 8.492
   13.580 10.470
   13.621 8.518
   13.671 8.387
   13.701 11.290
   13.752 8.426
   13.782 11.455
   13.832 8.403
   13.863 11.351
   13.913 6.710
   13.944 14.618
   13.994 6.731
   14.024 14.089
   14.065 8.467
   14.105 10.497
   14.145 8.487
   14.196 8.400
   14.226 11.316
   14.277 8.387
   14.307 11.324
   14.357 8.403
   14.388 11.415
   14.438 6.730
   14.469 14.435
   14.519 6.769
   14.549 14.448
   14.590 8.443
   14.630 10.491
   14.671 8.495
   14.721 8.419
   14.751 11.315
   14.802 8.355
   14.832 11.314
   14.883 8.402
   14.913 11.313
   14.963 6.670
   14.994 14.217
   15.044 6.786
   15.074 14.418
   15.115 8.444
   15.155 10.547
   15.196 8.543
   15.246 8.422
   15.276 11.349
   15.327 8.445
   15.357 11.323
   15.408 8.396
   15.438 11.317
   15.488 6.747
   15.519 14.451
   15.569 6.748
   15.600 14.088
   15.650 6.786
   15.680 14.388
   15.721 8.467
   15.771 8.449
   15.801 11.283
   15.852 8.386
   15.882 11.290
   15.933 8.402
   15.963 11.350
   16.013 6.768
   16.044 14.453
   16.094 6.688
   16.124 14.477
