# x  t
   0.061 0.966
   0.091 3.266
   0.132 7.676
   0.172 8.872
   0.222 6.948
   0.263 12.775
   0.293 11.323
   0.344 6.789
   0.374 14.448
   0.424 6.768
   0.455 14.388
   0.495 8.590
   0.535 10.421
   0.576 8.473
   0.626 8.401
   0.657 11.283
   0.707 8.443
   0.737 11.355
   0.788 8.442
   0.818 11.288
   0.869 6.731
   0.899 14.383
   0.939 8.462
   0.990 6.793
   1.030 8.493
   1.061 16.989
   1.101 8.615
   1.152 6.689
   1.192 8.420
   1.232 12.489
   1.263 10.888
   1.313 8.444
   1.343 11.353
   1.394 8.403
   1.424 11.285
   1.475 6.767
   1.505 14.484
   1.555 6.805
   1.586 14.347
   1.626 8.469
   1.666 10.445
   1.707 8.518
   1.757 8.457
   1.788 11.282
   1.838 8.365
   1.868 11.355
   1.919 8.443
   1.949 11.347
   2.000 6.769
   2.030 14.387
   2.080 6.767
   2.111 14.402
   2.151 8.520
   2.191 10.447
   2.232 8.493
   2.282 8.405
   2.313 11.324
   2.363 8.368
   2.393 11.323
   2.444 8.441
   2.474 11.407
   2.525 6.768
   2.555 14.352
   2.605 6.785
   2.636 14.044
   2.676 8.566
   2.717 10.546
   2.757 8.544
   2.807 8.359
   2.838 11.319
   2.888 8.390
   2.918 11.359
   2.969 8.403
   2.999 11.249
   3.050 6.750
   3.080 14.383
   3.130 6.826
   3.161 14.380
   3.201 8.516
   3.241 10.474
   3.282 8.568
   3.332 8.380
   3.363 11.319
   3.413 8.429
   3.443 11.290
   3.494 8.371
   3.524 11.378
   3.575 6.769
   3.605 14.320
   3.656 6.766
   3.686 14.320
   3.726 8.521
   3.777 8.382
   3.807 11.282
   3.857 8.425
   3.888 11.390
   3.938 8.428
   3.968 11.391
   4.019 8.462
   4.049 11.352
   4.100 6.769
   4.130 14.450
   4.180 6.805
   4.211 14.269
   4.251 8.470
   4.291 10.525
   4.332 8.493
   4.382 8.381
   4.413 11.250
   4.463 8.418
   4.493 11.371
   4.544 8.462
   4.574 11.287
   4.625 6.729
   4.665 8.578
   4.706 8.525
   4.736 16.773
   4.776 8.317
   4.827 6.727
   4.867 12.478
   4.898 11.181
   4.938 8.199
   4.988 8.424
   5.019 11.290
   5.069 8.363
   5.099 11.382
   5.150 8.460
   5.180 11.322
   5.231 6.765
   5.261 14.419
   5.312 6.828
   5.342 14.352
   5.382 8.492
   5.423 10.471
   5.463 8.517
   5.513 8.444
   5.544 11.391
   5.594 8.344
   5.624 11.252
   5.675 8.480
   5.705 11.386
   5.756 6.745
   5.786 14.387
   5.837 6.789
   5.867 14.286
   5.907 8.517
   5.948 10.519
   5.988 8.470
   6.038 8.340
   6.069 11.313
   6.119 8.489
   6.149 11.255
   6.200 8.400
   6.230 11.320
   6.281 6.806
   6.311 14.351
   6.362 6.806
   6.392 14.387
   6.432 8.511
   6.473 10.473
   6.513 8.542
   6.563 8.445
   6.594 11.288
   6.644 8.390
   6.674 11.325
   6.725 8.480
   6.755 11.284
   6.806 6.708
   6.836 14.321
   6.887 6.827
   6.917 14.057
   6.957 8.544
   6.998 10.472
   7.038 8.495
   7.088 8.445
   7.119 11.358
   7.169 8.428
   7.199 11.323
   7.250 8.383
   7.280 11.217
   7.331 6.806
   7.361 14.419
   7.412 6.767
   7.442 13.890
   7.482 8.519
   7.523 10.495
   7.563 8.493
   7.613 8.380
   7.644 11.448
   7.694 8.466
   7.725 11.356
   7.775 8.425
   7.805 11.312
   7.856 6.747
   7.886 14.447
   7.937 6.886
   7.967 14.253
   8.007 8.443
   8.048 10.397
   8.088 8.543
   8.139 8.396
   8.169 11.350
   8.219 8.385
   8.250 11.322
   8.300 8.458
   8.330 11.384
   8.381 6.770
   8.411 13.987
   8.462 6.823
   8.492 14.345
   8.532 8.525
   8.573 10.447
   8.613 8.517
   8.664 8.376
   8.694 11.214
   8.744 8.408
   8.775 11.356
   8.825 8.401
   8.855 11.317
   8.906 6.829
   8.936 14.383
   8.987 6.811
   9.017 14.289
   9.057 8.543
   9.098 10.530
   9.138 8.494
   9.189 8.445
   9.219 11.323
   9.269 8.444
   9.300 11.355
   9.350 8.441
   9.380 11.284
   9.431 6.728
   9.461 14.384
   9.512 6.821
   9.542 13.986
   9.582 8.516
   9.623 10.450
   9.663 8.517
   9.714 8.438
   9.744 11.382
   9.794 8.329
   9.825 11.324
   9.875 8.441
   9.905 11.353
   9.956 6.769
   9.986 14.315
   10.037 6.788
   10.067 14.384
   10.107 8.517
   10.148 10.496
   10.188 8.493
   10.239 8.385
   10.269 11.355
   10.319 8.422
   10.350 11.318
   10.400 8.404
   10.430 11.274
   10.481 6.767
   10.511 14.421
   10.562 6.787
   10.592 14.354
   10.632 8.543
   10.673 10.453
   10.713 8.512
   10.764 6.825
   10.804 8.471
   10.834 17.231
   10.875 8.692
   10.915 8.372
   10.966 6.729
   11.006 12.523
   11.036 10.827
   11.087 6.670
   11.117 14.116
   11.158 8.568
   11.198 10.494
   11.238 8.496
   11.289 8.360
   11.319 11.378
   11.370 8.366
   11.400 11.356
   11.450 8.460
   11.481 11.382
   11.531 6.790
   11.561 14.451
   11.612 6.806
   11.642 14.355
   11.693 6.822
   11.723 14.288
   11.763 8.493
   11.804 10.445
   11.844 8.518
   11.895 8.424
   11.925 11.322
   11.975 8.383
   12.006 11.250
   12.056 8.423
   12.087 11.388
   12.137 6.768
   12.167 14.486
   12.218 6.766
   12.248 14.318
   12.288 8.519
   12.329 10.445
   12.369 8.543
   12.420 8.384
   12.450 11.256
   12.500 8.360
   12.531 11.281
   12.581 8.439
   12.612 11.286
   12.662 6.709
   12.692 14.476
   12.743 6.809
   12.773 13.990
   12.813 8.517
   12.854 10.582
   12.894 8.593
   12.945 8.403
   12.975 11.354
   13.025 8.408
   13.056 11.323
   13.106 8.479
   13.136 11.386
   13.187 6.710
   13.217 14.348
   13.268 6.789
   13.298 14.354
   13.338 8.540
   13.379 10.493
   13.419 8.467
   13.470 8.365
   13.500 11.344
   13.550 8.429
   13.581 11.289
   13.631 8.420
   13.661 11.316
   13.712 6.809
   13.742 14.346
   13.793 6.807
   13.823 14.270
   13.863 8.492
   13.904 10.473
   13.944 8.542
   13.995 8.439
   14.025 11.279
   14.075 8.401
   14.106 11.321
   14.156 8.480
   14.187 11.323
   14.237 6.748
   14.267 14.351
   14.318 6.809
   14.348 14.386
   14.388 8.544
   14.429 10.456
   14.469 8.488
   14.520 8.435
   14.550 11.310
   14.601 8.406
   14.631 11.323
   14.681 8.449
   14.712 11.287
   14.762 6.729
   14.792 14.021
   14.843 6.808
   14.873 14.352
   14.924 6.864
   14.954 13.996
   14.994 8.467
   15.045 8.341
   15.075 11.349
   15.126 8.465
   15.156 11.358
   15.206 8.440
   15.237 11.252
   15.287 6.786
   15.317 14.384
   15.368 6.846
   15.398 14.418
   15.449 6.746
   15.479 14.418
   15.519 8.467
   15.570 8.378
   15.600 11.249
   15.651 8.364
   15.681 11.322
   15.731 8.403
   15.762 11.283
   15.812 8.463
   15.842 11.349
   15.893 6.770
   15.923 14.453
   15.974 6.847
   16.004 14.280
   16.044 8.492
   16.085 10.517
   16.125 8.493
