# x  t
   0.051 2.543
   0.091 7.806
   0.141 6.929
   0.182 12.506
   0.212 11.288
   0.263 6.710
   0.293 14.518
   0.343 6.751
   0.374 14.418
   0.414 8.494
   0.454 10.519
   0.495 8.490
   0.545 8.437
   0.576 11.319
   0.626 8.427
   0.656 11.354
   0.707 8.424
   0.737 11.283
   0.788 6.712
   0.818 14.482
   0.868 6.746
   0.899 14.353
   0.939 8.468
   0.979 10.498
   1.020 8.519
   1.070 8.396
   1.101 11.288
   1.151 8.425
   1.181 11.291
   1.232 8.443
   1.262 11.288
   1.313 6.706
   1.343 14.519
   1.393 6.769
   1.424 14.450
   1.464 8.469
   1.504 10.521
   1.545 8.492
   1.595 8.398
   1.626 11.318
   1.676 8.449
   1.706 11.323
   1.757 8.401
   1.787 11.318
   1.838 6.771
   1.878 8.546
   1.919 8.380
   1.949 16.862
   1.989 8.418
   2.040 6.708
   2.080 12.576
   2.121 8.413
   2.151 11.181
   2.202 6.831
   2.242 8.547
   2.272 16.801
   2.313 8.570
   2.353 8.392
   2.404 6.731
   2.444 12.605
   2.474 11.156
   2.525 6.685
   2.555 14.091
   2.595 8.468
   2.636 10.525
   2.676 8.543
   2.727 8.467
   2.757 11.289
   2.807 8.422
   2.838 11.448
   2.888 8.413
   2.918 11.348
   2.969 6.750
   2.999 14.382
   3.050 6.747
   3.080 14.057
   3.120 8.517
   3.161 10.472
   3.201 8.517
   3.252 8.398
   3.282 11.317
   3.332 8.404
   3.363 11.390
   3.413 8.400
   3.444 11.384
   3.494 6.769
   3.524 14.384
   3.565 8.386
   3.615 6.826
   3.656 8.439
   3.686 17.000
   3.726 8.542
   3.777 6.649
   3.817 8.395
   3.858 12.559
   3.888 11.324
   3.939 8.397
   3.969 11.287
   4.019 6.709
   4.050 14.513
   4.100 6.766
   4.130 14.445
   4.181 6.745
   4.211 14.117
   4.252 8.518
   4.292 10.496
   4.332 8.543
   4.383 8.405
   4.413 11.356
   4.464 8.407
   4.494 11.348
   4.544 8.380
   4.575 11.348
   4.625 6.769
   4.655 14.447
   4.706 6.727
   4.736 14.381
   4.777 8.437
   4.817 10.499
   4.857 8.492
   4.908 8.428
   4.938 11.326
   4.989 8.389
   5.019 11.358
   5.069 8.421
   5.100 11.318
   5.150 6.749
   5.180 14.452
   5.231 6.748
   5.261 14.419
   5.302 8.471
   5.342 10.498
   5.382 8.495
   5.433 8.422
   5.463 11.351
   5.514 8.427
   5.544 11.258
   5.594 8.440
   5.625 11.348
   5.675 6.748
   5.705 14.452
   5.756 6.746
   5.786 14.419
   5.827 8.469
   5.867 10.549
   5.907 8.469
   5.958 6.586
   5.998 8.231
   6.029 16.997
   6.069 8.546
   6.109 8.371
   6.160 6.689
   6.200 12.528
   6.231 10.892
   6.281 6.768
   6.311 14.485
   6.362 6.745
   6.392 14.388
   6.433 8.445
   6.483 8.457
   6.513 11.348
   6.564 8.387
   6.594 11.421
   6.645 8.437
   6.675 11.350
   6.725 6.689
   6.756 14.480
   6.806 6.727
   6.836 14.448
   6.887 6.770
   6.917 14.383
   6.958 8.368
   6.998 10.470
   7.039 8.517
   7.089 8.438
   7.119 11.348
   7.170 8.427
   7.200 11.321
   7.251 8.403
   7.281 11.381
   7.331 6.707
   7.362 14.452
   7.412 6.766
   7.442 14.353
   7.483 8.344
   7.533 8.422
   7.564 11.282
   7.614 8.379
   7.644 11.285
   7.695 8.448
   7.725 11.322
   7.776 8.402
   7.806 11.313
   7.856 6.808
   7.887 14.524
   7.937 6.765
   7.967 14.385
   8.008 8.490
   8.048 10.545
   8.089 8.541
   8.139 8.417
   8.169 11.248
   8.220 8.409
   8.250 11.323
   8.301 8.439
   8.331 11.286
   8.382 6.769
   8.412 14.420
   8.462 6.747
   8.493 14.392
   8.533 8.421
   8.573 10.572
   8.614 8.469
   8.664 8.419
   8.695 11.318
   8.745 8.390
   8.775 11.293
   8.826 8.441
   8.856 11.323
   8.907 6.729
   8.937 14.452
   8.987 6.748
   9.018 14.419
   9.058 8.494
   9.098 10.547
   9.139 8.490
   9.189 8.385
   9.219 11.286
   9.270 8.463
   9.300 11.256
   9.351 8.460
   9.381 11.350
   9.431 6.769
   9.462 14.417
   9.512 6.767
   9.543 14.452
   9.583 8.419
   9.633 8.443
   9.664 11.345
   9.714 8.400
   9.744 11.312
   9.795 8.407
   9.825 11.257
   9.876 8.421
   9.906 11.318
   9.956 6.769
   9.987 14.417
   10.037 6.727
   10.068 14.049
   10.108 8.543
   10.148 10.496
   10.189 8.516
   10.239 8.417
   10.270 11.383
   10.320 8.427
   10.350 11.290
   10.401 8.403
   10.431 11.351
   10.482 6.727
   10.562 9.657
   10.593 14.347
   10.633 8.393
   10.673 10.543
   10.714 8.470
   10.764 8.416
   10.795 11.319
   10.845 8.429
   10.875 11.290
   10.926 8.461
   10.956 11.288
   11.007 6.730
   11.037 14.485
   11.087 6.766
   11.118 14.383
   11.158 8.468
   11.198 10.493
   11.239 8.494
   11.289 8.377
   11.320 11.317
   11.370 8.426
   11.400 11.191
   11.451 8.442
   11.481 11.318
   11.532 6.767
   11.562 14.154
   11.612 6.786
   11.643 14.486
   11.683 8.493
   11.723 10.548
   11.764 8.518
   11.814 8.444
   11.844 11.322
   11.895 8.425
   11.925 11.320
   11.976 8.376
   12.006 11.254
   12.057 6.766
   12.087 14.452
   12.137 6.785
   12.168 14.354
   12.208 8.443
   12.249 10.438
   12.289 8.520
   12.339 8.439
   12.370 11.285
   12.420 8.385
   12.451 11.290
   12.501 8.435
   12.531 11.288
   12.582 6.709
   12.612 14.418
   12.663 6.728
   12.693 14.055
   12.743 6.756
   12.784 8.325
   12.824 8.501
   12.855 16.927
   12.895 8.619
   12.946 6.687
   12.986 8.408
   13.026 12.580
   13.057 11.278
   13.107 8.437
   13.138 11.315
   13.188 6.710
   13.218 14.487
   13.269 6.741
   13.299 14.486
   13.350 6.727
   13.380 14.355
   13.420 8.444
   13.461 10.521
   13.501 8.519
   13.552 8.422
   13.582 11.293
   13.632 8.381
   13.663 11.277
   13.713 8.420
   13.743 11.319
   13.794 6.710
   13.824 14.520
   13.875 6.746
   13.905 14.056
   13.945 8.466
   13.986 10.520
   14.026 8.542
   14.077 8.416
   14.107 11.349
   14.157 8.425
   14.188 11.326
   14.238 8.420
   14.269 11.349
   14.319 6.769
   14.349 14.419
   14.400 6.746
   14.430 14.388
   14.470 8.466
   14.511 10.492
   14.551 8.518
   14.602 8.379
   14.632 11.356
   14.682 8.387
   14.713 11.422
   14.763 8.401
   14.794 11.278
   14.844 6.751
   14.874 14.453
   14.925 6.725
   14.955 14.387
   14.996 8.419
   15.036 10.548
   15.076 8.493
   15.127 8.382
   15.157 11.322
   15.207 8.385
   15.238 11.290
   15.288 8.439
   15.319 11.384
   15.369 6.769
   15.399 14.518
   15.450 6.766
   15.480 14.486
   15.520 8.418
   15.561 10.548
   15.601 8.518
   15.652 8.380
   15.682 11.355
   15.732 8.407
   15.763 11.258
   15.813 8.379
   15.844 11.297
   15.894 6.750
   15.924 14.486
   15.975 6.746
   16.005 14.452
   16.046 8.443
   16.086 10.522
   16.126 8.495
   16.177 8.405
