# t  x
   0.050 0.000
   0.091 1.535
   0.131 5.470
   0.172 7.649
   0.212 10.424
   0.252 8.615
   0.293 10.375
   0.333 8.520
   0.343 41.959
   0.414 4.825
   0.424 41.539
   0.495 4.772
   0.505 41.448
   0.576 4.725
   0.616 8.348
   0.656 10.377
   0.697 8.344
   0.737 10.252
   0.777 8.593
   0.818 10.447
   0.858 8.541
   0.868 42.795
   0.939 4.994
   0.949 42.993
   1.020 4.929
   1.030 42.734
   1.101 4.895
   1.141 8.570
   1.181 10.475
   1.222 8.567
   1.262 10.277
   1.302 8.263
   1.343 8.387
   1.383 8.050
   1.424 8.639
   1.464 8.347
   1.485 28.759
   1.525 8.548
   1.565 10.445
   1.626 5.727
   1.636 42.803
   1.707 4.982
   1.747 8.620
   1.787 10.745
   1.828 8.740
   1.868 10.451
   1.908 8.592
   1.949 10.398
   1.989 8.493
   1.999 40.913
   2.070 4.772
   2.080 41.032
   2.151 4.726
   2.161 41.737
   2.232 4.728
   2.272 8.499
   2.312 10.475
   2.353 8.740
   2.393 10.772
   2.433 8.616
   2.474 10.741
   2.514 8.690
   2.524 42.288
   2.595 4.943
   2.605 41.716
   2.676 4.883
   2.686 41.630
   2.757 4.798
   2.797 8.418
   2.837 10.179
   2.878 8.369
   2.918 10.377
   2.958 8.293
   2.999 10.325
   3.039 8.393
   3.049 42.791
   3.120 4.924
   3.130 42.837
   3.201 5.025
   3.211 42.639
   3.282 4.897
   3.322 8.694
   3.362 10.600
   3.403 8.541
   3.443 10.406
   3.484 8.468
   3.494 41.111
   3.564 4.741
   3.574 41.095
   3.645 4.782
   3.655 40.798
   3.726 4.770
   3.736 42.318
   3.807 4.826
   3.847 8.571
   3.887 10.700
   3.928 8.814
   3.968 10.801
   4.009 8.657
   4.049 10.599
   4.089 8.640
   4.099 41.790
   4.170 4.923
   4.180 41.230
   4.251 4.773
   4.261 41.444
   4.332 4.741
   4.372 8.371
   4.412 10.155
   4.453 8.469
   4.493 10.429
   4.534 8.493
   4.574 10.579
   4.614 8.618
   4.625 42.791
   4.695 4.957
   4.705 43.289
   4.776 4.929
   4.786 42.190
   4.857 4.897
   4.897 8.594
   4.937 10.450
   4.978 8.492
   5.018 10.328
   5.059 8.345
   5.099 10.184
   5.139 8.322
   5.149 41.255
   5.220 4.786
   5.230 41.448
   5.301 4.868
   5.311 43.526
   5.382 4.898
   5.422 8.641
   5.462 10.773
   5.503 8.742
   5.543 10.648
   5.583 8.641
   5.624 10.470
   5.664 8.587
   5.674 41.078
   5.745 4.843
   5.755 40.946
   5.826 4.685
   5.836 41.444
   5.907 4.784
   5.947 8.272
   5.987 10.452
   6.028 8.618
   6.068 10.600
   6.108 8.593
   6.149 10.689
   6.189 8.838
   6.199 42.280
   6.270 4.952
   6.280 42.635
   6.351 4.858
   6.361 41.943
   6.432 4.868
   6.472 8.391
   6.512 10.304
   6.553 8.419
   6.593 10.324
   6.633 8.345
   6.674 10.050
   6.714 8.591
   6.724 41.490
   6.795 4.869
   6.805 42.339
   6.876 4.971
   6.886 43.500
   6.957 4.897
   6.997 8.642
   7.037 10.700
   7.078 8.666
   7.118 10.525
   7.158 8.495
   7.199 10.274
   7.239 8.518
   7.249 41.090
   7.320 4.744
   7.330 40.855
   7.401 4.731
   7.411 41.621
   7.481 4.798
   7.522 8.494
   7.562 10.651
   7.603 8.739
   7.643 10.739
   7.683 8.743
   7.724 10.646
   7.764 8.740
   7.774 41.975
   7.845 4.910
   7.855 42.145
   7.926 4.769
   7.936 41.733
   8.006 4.755
   8.047 8.368
   8.087 10.225
   8.128 8.340
   8.168 10.351
   8.208 8.369
   8.249 10.322
   8.289 8.714
   8.299 42.267
   8.370 4.966
   8.380 43.022
   8.451 4.991
   8.461 42.581
   8.532 4.882
   8.572 8.616
   8.612 10.527
   8.653 8.540
   8.693 10.472
   8.734 8.344
   8.774 10.225
   8.814 8.345
   8.824 41.259
   8.895 4.751
   8.905 40.736
   8.976 4.870
   8.986 42.033
   9.057 4.954
   9.097 8.592
   9.137 10.745
   9.178 8.813
   9.218 10.651
   9.259 8.791
   9.299 10.451
   9.339 8.617
   9.350 41.790
   9.420 4.824
   9.430 41.621
   9.501 4.696
   9.511 41.432
   9.582 4.769
   9.622 8.272
   9.663 10.295
   9.703 8.416
   9.743 10.477
   9.784 8.617
   9.824 10.622
   9.865 8.864
   9.875 42.387
   9.945 4.896
   9.955 42.902
   10.026 4.942
   10.036 42.033
   10.107 4.897
   10.147 8.490
   10.188 10.425
   10.228 8.416
   10.268 10.403
   10.309 8.320
   10.349 10.174
   10.390 8.318
   10.400 42.095
   10.470 4.713
   10.480 42.000
   10.551 4.928
   10.561 42.837
   10.632 4.968
   10.672 8.667
   10.713 10.698
   10.753 8.714
   10.793 10.596
   10.834 8.690
   10.874 10.348
   10.915 8.389
   10.925 41.687
   10.995 4.755
   11.005 41.024
   11.076 4.715
   11.086 41.531
   11.157 4.742
   11.197 8.213
   11.238 8.612
   11.278 8.225
   11.319 8.889
   11.359 8.470
   11.379 30.154
   11.420 8.667
   11.460 10.619
   11.521 5.680
   11.531 42.215
   11.601 4.871
   11.611 41.827
   11.682 4.811
   11.722 8.347
   11.763 10.254
   11.803 8.516
   11.844 10.202
   11.884 8.391
   11.924 10.250
   11.965 8.493
   11.975 42.107
   12.046 4.840
   12.056 42.812
   12.126 4.984
   12.136 43.027
   12.207 4.967
   12.247 8.584
   12.288 10.585
   12.328 8.614
   12.369 10.501
   12.409 8.591
   12.449 10.217
   12.490 8.321
   12.500 41.258
   12.571 4.769
   12.581 40.834
   12.651 4.759
   12.661 41.646
   12.732 4.812
   12.742 42.425
   12.813 5.010
   12.853 8.667
   12.894 10.671
   12.934 8.837
   12.974 10.697
   13.015 8.667
   13.055 10.467
   13.096 8.569
   13.106 41.387
   13.176 4.858
   13.186 41.147
   13.257 4.773
   13.267 40.715
   13.338 4.741
   13.378 8.496
   13.419 10.276
   13.459 8.434
   13.499 10.542
   13.540 8.665
   13.580 10.693
   13.621 8.716
   13.631 42.959
   13.701 4.943
   13.711 42.313
   13.782 4.956
   13.792 42.013
   13.863 4.841
   13.903 8.396
   13.944 10.500
   13.984 8.422
   14.024 10.204
   14.065 8.417
   14.105 10.225
   14.145 8.388
   14.156 41.185
   14.226 4.896
   14.236 42.339
   14.307 4.914
   14.317 43.104
   14.388 4.954
   14.428 8.718
   14.469 10.589
   14.509 8.642
   14.549 10.621
   14.590 8.517
   14.630 10.441
   14.671 8.421
   14.681 40.881
   14.751 4.811
   14.761 41.008
   14.832 4.695
   14.842 41.143
   14.913 4.783
   14.953 8.593
   14.994 10.522
   15.034 8.543
   15.074 10.818
   15.115 8.691
   15.155 10.695
   15.196 8.766
   15.206 42.288
   15.276 4.883
   15.287 42.235
   15.357 4.885
   15.367 41.737
   15.438 4.725
   15.478 8.368
   15.519 10.399
   15.559 8.221
   15.600 10.374
   15.640 8.368
   15.680 10.425
   15.721 8.443
   15.731 41.992
   15.801 5.027
   15.812 42.400
   15.882 4.971
   15.892 43.109
   15.963 4.911
   16.003 8.615
   16.044 10.576
   16.084 8.568
   16.124 10.441
