# t  x
   0.040 0.000
   0.071 0.000
   0.111 3.803
   0.152 7.999
   0.212 5.499
   0.253 8.147
   0.293 10.204
   0.333 8.438
   0.374 10.265
   0.414 8.442
   0.454 10.371
   0.495 8.243
   0.505 40.407
   0.576 4.726
   0.586 40.621
   0.656 4.716
   0.666 40.756
   0.737 4.741
   0.778 8.421
   0.818 10.450
   0.858 8.788
   0.899 10.671
   0.939 8.740
   0.979 10.770
   1.020 8.766
   1.030 42.667
   1.101 4.882
   1.111 42.223
   1.181 4.843
   1.191 41.733
   1.262 4.785
   1.303 8.343
   1.343 10.150
   1.383 8.269
   1.424 10.377
   1.464 8.320
   1.504 10.175
   1.545 8.467
   1.555 42.362
   1.626 4.995
   1.636 42.730
   1.706 5.028
   1.716 43.109
   1.787 4.939
   1.828 8.744
   1.868 8.431
   1.908 8.465
   1.949 8.419
   1.989 8.270
   2.010 28.863
   2.050 8.247
   2.090 10.217
   2.151 5.497
   2.191 8.212
   2.232 8.374
   2.272 8.272
   2.313 8.768
   2.353 8.442
   2.373 29.592
   2.414 10.945
   2.474 5.730
   2.515 8.635
   2.555 10.650
   2.595 8.691
   2.636 10.476
   2.676 8.617
   2.686 41.341
   2.757 4.744
   2.767 41.254
   2.838 4.726
   2.848 40.826
   2.918 4.652
   2.959 8.347
   2.999 10.497
   3.040 8.492
   3.080 10.501
   3.120 8.740
   3.161 10.670
   3.201 8.839
   3.211 42.675
   3.282 4.995
   3.292 42.412
   3.363 4.885
   3.373 42.700
   3.444 4.825
   3.484 8.371
   3.524 10.325
   3.565 8.262
   3.605 8.260
   3.646 7.963
   3.686 8.570
   3.726 8.443
   3.747 28.767
   3.787 8.544
   3.828 10.695
   3.888 5.700
   3.898 42.700
   3.969 5.023
   4.009 8.732
   4.050 10.705
   4.090 8.615
   4.130 10.618
   4.171 8.617
   4.211 10.343
   4.252 8.493
   4.292 10.174
   4.332 8.196
   4.343 40.963
   4.413 4.716
   4.423 40.950
   4.494 4.743
   4.504 41.831
   4.575 4.980
   4.615 8.593
   4.655 10.793
   4.696 8.863
   4.736 10.719
   4.777 8.759
   4.817 10.599
   4.857 8.616
   4.868 41.901
   4.938 4.859
   4.948 41.349
   5.019 4.759
   5.029 40.657
   5.100 4.769
   5.140 8.321
   5.180 10.153
   5.221 8.418
   5.261 10.499
   5.302 8.521
   5.342 10.473
   5.382 8.817
   5.392 43.182
   5.463 4.982
   5.473 42.837
   5.544 5.013
   5.554 42.219
   5.625 4.867
   5.665 8.592
   5.705 10.375
   5.746 8.393
   5.786 10.275
   5.827 8.395
   5.867 10.177
   5.907 8.172
   5.948 8.254
   5.988 8.301
   6.029 8.470
   6.069 8.521
   6.109 8.619
   6.130 30.055
   6.170 10.697
   6.231 5.565
   6.271 8.815
   6.311 10.597
   6.352 8.667
   6.392 10.470
   6.433 8.469
   6.443 41.246
   6.513 4.767
   6.523 40.653
   6.594 4.687
   6.604 40.933
   6.675 4.725
   6.715 8.362
   6.756 10.382
   6.796 8.590
   6.836 10.793
   6.877 8.695
   6.917 10.785
   6.958 8.764
   6.998 10.669
   7.039 8.691
   7.049 42.333
   7.119 4.924
   7.129 41.724
   7.200 4.815
   7.210 41.642
   7.281 4.741
   7.321 8.295
   7.362 10.274
   7.402 8.366
   7.442 10.252
   7.483 8.270
   7.493 41.922
   7.564 4.953
   7.574 42.251
   7.644 5.010
   7.654 43.414
   7.725 4.943
   7.735 42.705
   7.806 4.953
   7.846 8.617
   7.887 10.485
   7.927 8.538
   7.967 10.399
   8.008 8.317
   8.048 10.224
   8.089 8.418
   8.099 40.205
   8.169 4.697
   8.180 41.642
   8.250 4.801
   8.260 42.433
   8.331 4.881
   8.371 8.741
   8.412 10.823
   8.452 8.764
   8.493 10.805
   8.533 8.644
   8.573 10.572
   8.614 8.667
   8.624 41.765
   8.695 4.812
   8.705 40.851
   8.775 4.745
   8.785 41.246
   8.856 4.629
   8.896 8.444
   8.937 10.227
   8.977 8.442
   9.018 10.549
   9.058 8.618
   9.098 10.795
   9.139 8.639
   9.149 42.679
   9.219 5.026
   9.230 42.837
   9.300 4.884
   9.310 42.705
   9.381 4.826
   9.421 8.444
   9.462 10.425
   9.502 8.368
   9.543 10.227
   9.583 8.246
   9.593 41.053
   9.664 4.797
   9.674 40.498
   9.744 4.825
   9.755 42.623
   9.825 4.971
   9.835 43.010
   9.906 4.967
   9.946 8.815
   9.987 10.748
   10.027 8.664
   10.068 10.670
   10.108 8.567
   10.148 10.372
   10.189 8.516
   10.199 40.992
   10.270 4.754
   10.280 40.649
   10.350 4.716
   10.360 41.139
   10.431 4.685
   10.471 8.517
   10.552 9.532
   10.593 10.719
   10.633 8.864
   10.673 10.766
   10.714 8.668
   10.724 42.765
   10.795 4.910
   10.805 42.532
   10.875 4.830
   10.885 41.914
   10.956 4.756
   10.996 8.345
   11.037 10.427
   11.077 8.268
   11.118 10.175
   11.158 8.344
   11.198 10.369
   11.239 8.593
   11.249 41.284
   11.320 4.966
   11.330 43.014
   11.400 4.985
   11.410 43.298
   11.481 4.940
   11.521 8.614
   11.562 10.650
   11.602 8.615
   11.643 10.500
   11.683 8.394
   11.723 10.251
   11.764 8.370
   11.774 40.510
   11.844 4.701
   11.855 41.053
   11.925 4.771
   11.935 41.337
   12.006 4.852
   12.046 8.738
   12.087 10.747
   12.127 8.715
   12.168 10.769
   12.208 8.839
   12.249 10.561
   12.289 8.595
   12.299 42.383
   12.370 4.854
   12.380 41.918
   12.451 4.786
   12.461 41.048
   12.531 4.725
   12.572 8.246
   12.612 10.375
   12.652 8.269
   12.693 10.202
   12.733 8.543
   12.774 8.399
   12.814 8.600
   12.855 8.613
   12.895 8.768
   12.915 29.795
   12.956 8.529
   12.996 10.839
   13.057 5.613
   13.067 41.910
   13.137 4.866
   13.178 8.495
   13.218 10.253
   13.259 8.276
   13.299 10.279
   13.340 8.318
   13.380 10.203
   13.420 8.295
   13.461 10.496
   13.501 8.420
   13.511 42.400
   13.582 4.998
   13.592 43.203
   13.663 4.994
   13.673 42.907
   13.743 4.953
   13.784 8.717
   13.824 10.501
   13.865 8.689
   13.905 10.425
   13.945 8.342
   13.986 10.273
   14.026 8.245
   14.036 40.659
   14.107 4.683
   14.117 41.123
   14.188 4.829
   14.198 41.514
   14.269 4.896
   14.309 8.667
   14.349 10.748
   14.390 8.787
   14.430 10.846
   14.470 8.714
   14.511 10.566
   14.551 8.692
   14.561 42.029
   14.632 4.812
   14.642 41.444
   14.713 4.758
   14.723 41.329
   14.794 4.669
   14.834 8.347
   14.874 10.278
   14.915 8.465
   14.955 10.350
   14.996 8.667
   15.036 10.647
   15.076 8.642
   15.086 42.738
   15.157 5.039
   15.167 42.726
   15.238 4.941
   15.248 42.726
   15.319 4.867
   15.359 8.544
   15.399 10.375
   15.440 8.465
   15.480 10.227
   15.520 8.269
   15.561 10.275
   15.601 8.271
   15.611 40.661
   15.682 4.812
   15.692 42.231
   15.763 4.871
   15.773 42.610
   15.844 4.976
   15.884 8.893
   15.924 10.672
   15.965 8.764
   16.005 10.721
   16.046 8.641
   16.086 10.398
   16.126 8.668
   16.136 41.107
