# t  x
   0.050 0.000
   0.091 0.693
   0.131 3.839
   0.172 6.213
   0.212 9.683
   0.252 8.222
   0.293 10.171
   0.333 8.546
   0.343 42.954
   0.414 4.858
   0.424 42.124
   0.495 4.872
   0.505 42.112
   0.575 4.726
   0.616 8.220
   0.656 10.129
   0.697 8.244
   0.737 9.948
   0.777 8.267
   0.818 10.099
   0.858 8.320
   0.868 41.395
   0.939 4.953
   0.949 44.385
   1.020 4.981
   1.060 8.841
   1.101 8.961
   1.141 8.938
   1.181 8.827
   1.222 8.668
   1.242 29.148
   1.282 8.322
   1.343 6.902
   1.383 8.219
   1.394 39.427
   1.464 4.593
   1.474 40.530
   1.545 4.672
   1.555 40.463
   1.626 4.727
   1.666 8.609
   1.707 10.833
   1.747 8.985
   1.787 11.194
   1.828 8.929
   1.868 10.846
   1.909 8.840
   1.949 10.742
   1.989 8.489
   1.999 41.387
   2.070 4.758
   2.080 40.946
   2.151 4.613
   2.161 40.546
   2.232 4.642
   2.272 8.120
   2.312 10.147
   2.353 8.517
   2.393 10.552
   2.434 8.561
   2.474 10.749
   2.514 9.045
   2.525 44.036
   2.595 5.008
   2.605 43.500
   2.676 4.956
   2.686 42.734
   2.757 4.855
   2.797 8.495
   2.838 10.152
   2.878 8.193
   2.918 10.235
   2.959 8.146
   2.999 9.820
   3.039 8.296
   3.050 41.004
   3.120 4.885
   3.130 42.227
   3.201 4.970
   3.211 44.174
   3.282 5.010
   3.322 8.966
   3.362 10.922
   3.403 8.789
   3.443 10.681
   3.484 8.641
   3.524 10.318
   3.564 8.344
   3.575 40.839
   3.645 4.628
   3.655 40.024
   3.726 4.627
   3.736 40.732
   3.807 4.671
   3.847 6.043
   3.887 12.924
   3.928 8.887
   3.968 10.889
   4.009 8.814
   4.049 10.888
   4.089 8.939
   4.100 42.868
   4.170 4.966
   4.180 42.412
   4.251 4.814
   4.261 41.840
   4.332 4.714
   4.372 8.320
   4.413 10.003
   4.453 8.220
   4.493 10.304
   4.534 8.047
   4.574 10.104
   4.614 8.492
   4.625 42.292
   4.695 5.008
   4.705 43.796
   4.776 5.111
   4.786 44.025
   4.857 4.996
   4.897 8.864
   4.938 10.697
   4.978 8.511
   5.018 10.426
   5.059 8.269
   5.099 8.107
   5.140 7.977
   5.180 8.315
   5.220 8.370
   5.261 8.121
   5.281 27.741
   5.322 10.794
   5.382 5.655
   5.423 8.569
   5.463 8.680
   5.503 8.866
   5.544 8.913
   5.584 8.939
   5.604 30.058
   5.645 8.692
   5.685 10.572
   5.746 5.463
   5.756 41.044
   5.827 4.674
   5.837 40.843
   5.907 4.598
   5.948 8.171
   5.988 9.967
   6.029 8.295
   6.069 10.364
   6.109 8.368
   6.150 10.767
   6.190 8.863
   6.231 10.822
   6.271 8.889
   6.281 43.693
   6.352 5.042
   6.362 42.734
   6.432 4.941
   6.443 42.419
   6.513 4.710
   6.554 8.419
   6.594 10.295
   6.634 8.268
   6.675 9.929
   6.715 8.221
   6.756 10.076
   6.796 8.196
   6.806 40.941
   6.877 4.868
   6.887 43.715
   6.957 5.027
   6.968 44.201
   7.038 5.094
   7.079 8.891
   7.119 10.772
   7.159 8.739
   7.200 10.575
   7.240 8.543
   7.281 10.176
   7.321 8.270
   7.331 40.352
   7.402 4.645
   7.412 40.550
   7.482 4.612
   7.493 40.352
   7.563 4.754
   7.604 8.618
   7.644 10.648
   7.684 8.786
   7.725 11.045
   7.765 9.063
   7.806 10.895
   7.846 8.767
   7.856 42.873
   7.927 4.882
   7.937 42.339
   8.008 4.828
   8.018 40.909
   8.088 4.641
   8.129 8.273
   8.169 10.226
   8.209 8.169
   8.250 9.952
   8.290 8.445
   8.331 10.424
   8.371 8.491
   8.381 42.503
   8.452 5.038
   8.462 44.102
   8.533 5.028
   8.543 44.308
   8.613 4.994
   8.654 8.619
   8.694 10.646
   8.734 8.565
   8.775 10.300
   8.815 8.316
   8.856 10.003
   8.896 8.169
   8.906 39.723
   8.977 4.712
   8.987 41.143
   9.058 4.645
   9.068 41.728
   9.138 4.966
   9.179 9.015
   9.219 10.843
   9.260 8.839
   9.300 10.994
   9.340 8.862
   9.381 10.745
   9.421 8.666
   9.431 41.988
   9.502 4.769
   9.512 41.325
   9.583 4.730
   9.593 39.862
   9.663 4.601
   9.704 8.272
   9.744 10.191
   9.785 8.246
   9.825 10.302
   9.865 8.666
   9.906 10.723
   9.946 8.842
   9.956 44.370
   10.027 5.052
   10.037 43.216
   10.108 5.026
   10.118 43.031
   10.188 4.841
   10.229 8.494
   10.269 10.374
   10.310 8.220
   10.350 10.100
   10.390 8.297
   10.400 39.862
   10.471 4.586
   10.481 40.316
   10.552 4.826
   10.562 42.235
   10.633 4.830
   10.643 43.526
   10.713 5.150
   10.754 9.082
   10.794 10.967
   10.835 8.788
   10.875 10.795
   10.915 8.593
   10.956 10.495
   10.996 8.395
   11.006 40.518
   11.077 4.641
   11.087 40.593
   11.158 4.674
   11.168 39.656
   11.238 4.615
   11.279 8.443
   11.319 10.521
   11.360 8.665
   11.400 10.817
   11.440 8.841
   11.481 10.827
   11.521 8.937
   11.531 44.049
   11.602 4.953
   11.612 42.536
   11.683 4.868
   11.693 42.334
   11.764 4.712
   11.804 8.345
   11.844 10.150
   11.885 8.144
   11.925 10.202
   11.965 8.291
   12.006 10.050
   12.046 8.145
   12.056 42.280
   12.127 5.023
   12.137 43.827
   12.208 4.984
   12.218 44.115
   12.289 4.965
   12.329 8.916
   12.369 10.723
   12.410 8.637
   12.450 10.472
   12.491 8.457
   12.531 10.408
   12.571 8.099
   12.581 39.708
   12.652 4.670
   12.662 40.554
   12.733 4.602
   12.743 40.851
   12.814 4.825
   12.854 8.782
   12.894 10.662
   12.935 8.960
   12.975 11.164
   13.016 8.938
   13.056 10.715
   13.096 8.840
   13.106 42.696
   13.177 4.854
   13.187 41.531
   13.258 4.771
   13.298 8.234
   13.339 7.883
   13.379 8.125
   13.420 8.171
   13.460 8.122
   13.480 27.973
   13.521 10.554
   13.581 5.582
   13.622 8.620
   13.662 10.748
   13.702 9.012
   13.712 43.882
   13.783 5.038
   13.793 43.409
   13.864 4.901
   13.874 43.010
   13.945 4.798
   13.985 8.415
   14.025 10.175
   14.066 8.368
   14.106 10.103
   14.147 8.022
   14.187 9.979
   14.227 8.369
   14.237 40.798
   14.308 4.784
   14.318 42.700
   14.389 5.014
   14.399 43.728
   14.470 5.024
   14.510 9.041
   14.550 10.993
   14.591 8.789
   14.631 10.673
   14.672 8.713
   14.712 10.151
   14.752 8.319
   14.762 40.810
   14.833 4.642
   14.843 40.055
   14.914 4.603
   14.924 40.929
   14.995 4.670
   15.035 8.248
   15.075 10.695
   15.116 8.814
   15.156 10.820
   15.197 8.937
   15.237 10.894
   15.277 8.962
   15.287 42.885
   15.358 4.981
   15.368 42.198
   15.439 4.843
   15.449 41.935
   15.520 4.671
   15.560 8.222
   15.600 10.124
   15.641 8.269
   15.681 10.128
   15.722 8.021
   15.762 10.301
   15.802 8.566
   15.812 42.284
   15.883 4.981
   15.893 43.895
   15.964 5.111
   15.974 43.882
   16.045 5.010
   16.085 8.742
   16.125 10.599
