# x  t
   0.051 1.919
   0.101 4.845
   0.131 15.112
   0.172 8.497
   0.222 8.480
   0.252 11.517
   0.303 8.388
   0.333 11.389
   0.384 8.382
   0.414 11.450
   0.464 6.651
   0.495 14.554
   0.545 6.712
   0.575 14.488
   0.616 8.370
   0.656 10.525
   0.697 8.519
   0.747 8.363
   0.777 11.417
   0.828 8.389
   0.858 11.456
   0.909 8.364
   0.939 11.300
   0.989 6.710
   1.020 14.617
   1.070 6.670
   1.100 14.618
   1.151 6.703
   1.181 14.521
   1.222 8.370
   1.262 10.491
   1.302 8.542
   1.353 8.365
   1.383 11.456
   1.434 8.365
   1.464 11.345
   1.514 8.382
   1.545 11.319
   1.595 6.731
   1.625 14.553
   1.676 6.748
   1.706 14.390
   1.747 8.346
   1.787 10.568
   1.827 8.545
   1.878 8.367
   1.908 11.423
   1.959 8.364
   1.989 11.416
   2.039 8.402
   2.070 11.386
   2.120 6.709
   2.150 14.489
   2.191 8.366
   2.231 10.876
   2.272 8.420
   2.312 10.473
   2.352 8.543
   2.403 8.409
   2.433 11.357
   2.483 8.345
   2.514 11.446
   2.564 8.379
   2.595 11.547
   2.645 6.716
   2.686 8.571
   2.726 8.469
   2.756 17.033
   2.797 8.396
   2.847 6.730
   2.887 12.482
   2.928 8.415
   2.958 11.190
   3.009 8.405
   3.039 11.423
   3.089 8.383
   3.120 11.319
   3.170 6.692
   3.200 14.520
   3.251 6.711
   3.281 14.484
   3.322 8.468
   3.362 10.499
   3.402 8.568
   3.453 8.419
   3.483 11.317
   3.534 8.420
   3.564 11.377
   3.614 8.402
   3.645 11.354
   3.695 6.710
   3.725 14.486
   3.776 6.725
   3.806 14.513
   3.847 8.368
   3.887 10.477
   3.927 8.543
   3.978 8.340
   4.008 11.384
   4.059 8.465
   4.089 11.356
   4.139 8.362
   4.170 11.384
   4.220 6.691
   4.250 14.553
   4.301 6.688
   4.331 14.482
   4.372 8.370
   4.422 8.403
   4.452 11.318
   4.503 8.405
   4.533 11.356
   4.584 8.389
   4.614 11.391
   4.664 8.401
   4.695 11.355
   4.745 6.711
   4.775 14.619
   4.826 6.767
   4.856 14.390
   4.896 8.421
   4.937 10.548
   4.977 8.463
   5.028 8.446
   5.058 11.391
   5.108 8.362
   5.139 11.315
   5.189 8.402
   5.220 11.417
   5.270 6.672
   5.300 14.123
   5.351 6.827
   5.381 14.384
   5.421 8.446
   5.462 10.500
   5.502 8.544
   5.553 8.362
   5.583 11.425
   5.633 8.382
   5.664 11.352
   5.714 8.364
   5.744 11.417
   5.795 6.687
   5.825 14.520
   5.876 6.726
   5.906 14.489
   5.946 8.367
   5.987 10.535
   6.027 8.546
   6.078 8.406
   6.108 11.325
   6.158 8.368
   6.189 11.490
   6.239 8.346
   6.269 11.416
   6.320 6.731
   6.350 14.486
   6.401 6.731
   6.431 14.488
   6.471 8.420
   6.512 10.495
   6.552 8.494
   6.603 8.424
   6.633 11.426
   6.683 8.328
   6.714 11.391
   6.764 8.366
   6.794 11.418
   6.845 6.730
   6.875 14.486
   6.926 6.732
   6.956 13.991
   6.996 8.543
   7.037 10.473
   7.077 8.592
   7.127 8.365
   7.158 11.390
   7.208 8.429
   7.238 11.391
   7.289 8.363
   7.319 11.419
   7.370 6.690
   7.400 14.550
   7.450 6.708
   7.481 14.024
   7.521 8.542
   7.561 10.472
   7.602 8.516
   7.652 8.386
   7.683 11.354
   7.733 8.409
   7.763 11.352
   7.814 8.424
   7.844 11.417
   7.895 6.706
   7.925 14.453
   7.975 6.728
   8.006 14.487
   8.046 8.395
   8.086 10.497
   8.127 8.517
   8.177 8.366
   8.208 11.355
   8.258 8.372
   8.288 11.457
   8.339 8.363
   8.369 11.351
   8.420 6.728
   8.450 14.520
   8.500 6.748
   8.531 14.462
   8.571 8.469
   8.611 10.521
   8.652 8.544
   8.702 8.368
   8.732 11.390
   8.783 8.365
   8.813 11.417
   8.864 8.360
   8.894 11.419
   8.944 6.671
   8.975 14.547
   9.025 6.708
   9.055 14.087
   9.096 8.493
   9.136 10.499
   9.177 8.541
   9.227 8.408
   9.257 11.391
   9.308 8.368
   9.338 11.325
   9.389 8.383
   9.419 11.414
   9.469 6.691
   9.500 14.547
   9.550 6.685
   9.580 14.451
   9.621 8.395
   9.661 10.524
   9.702 8.545
   9.752 8.381
   9.782 11.408
   9.833 8.386
   9.863 11.388
   9.914 8.362
   9.944 11.380
   9.994 6.701
   10.025 14.115
   10.075 6.806
   10.106 14.488
   10.146 8.442
   10.186 10.523
   10.227 8.542
   10.277 8.410
   10.307 11.292
   10.358 8.409
   10.388 11.358
   10.439 8.421
   10.469 11.317
   10.519 6.710
   10.550 14.580
   10.600 6.649
   10.630 14.481
   10.671 8.396
   10.711 10.524
   10.752 8.496
   10.802 8.426
   10.832 11.359
   10.883 8.399
   10.913 11.319
   10.964 8.385
   10.994 11.392
   11.045 6.712
   11.075 14.544
   11.125 6.729
   11.156 14.453
   11.196 8.444
   11.236 10.501
   11.277 8.564
   11.327 8.341
   11.357 11.423
   11.408 8.370
   11.438 11.390
   11.489 8.362
   11.519 11.420
   11.569 6.712
   11.600 14.453
   11.650 6.749
   11.680 14.085
   11.721 8.495
   11.761 10.496
   11.802 8.544
   11.852 8.360
   11.882 11.356
   11.933 8.380
   11.963 11.392
   12.014 8.382
   12.044 11.318
   12.094 6.733
   12.125 14.481
   12.175 6.689
   12.205 14.555
   12.246 8.445
   12.286 10.525
   12.327 8.544
   12.377 8.400
   12.407 11.384
   12.458 8.429
   12.488 11.356
   12.539 8.377
   12.569 11.353
   12.619 6.692
   12.650 14.518
   12.700 6.709
   12.730 14.057
   12.771 8.520
   12.811 10.450
   12.851 8.545
   12.902 8.408
   12.932 11.423
   12.983 8.364
   13.013 11.456
   13.063 8.363
   13.094 11.387
   13.144 6.673
   13.174 14.553
   13.225 6.729
   13.255 14.422
   13.296 8.346
   13.336 10.524
   13.376 8.494
   13.427 8.387
   13.457 11.489
   13.508 8.387
   13.538 11.354
   13.588 8.383
   13.619 11.420
   13.669 6.711
   13.699 14.554
   13.750 6.747
   13.780 14.443
   13.820 8.396
   13.861 10.526
   13.901 8.569
   13.952 8.387
   13.982 11.356
   14.032 8.383
   14.063 11.387
   14.113 8.364
   14.143 11.420
   14.194 6.693
   14.224 14.653
   14.275 6.691
   14.305 14.422
   14.345 8.398
   14.386 10.497
   14.426 8.545
   14.477 8.404
   14.507 11.357
   14.557 8.381
   14.588 11.323
   14.638 8.425
   14.668 11.390
   14.719 6.713
   14.749 14.554
   14.800 6.671
   14.830 14.157
   14.870 8.446
   14.911 10.545
   14.951 8.544
   15.001 8.378
   15.032 11.387
   15.082 8.382
   15.113 11.322
   15.163 8.443
   15.193 11.320
   15.244 6.711
   15.274 14.550
   15.325 6.729
   15.355 14.388
   15.395 8.423
   15.436 10.571
   15.476 8.545
   15.526 8.334
   15.557 11.430
   15.607 6.774
   15.648 8.571
   15.678 16.804
   15.718 8.664
   15.759 8.336
   15.810 7.068
   15.850 12.486
   15.880 11.322
   15.931 6.726
   15.971 8.645
   16.012 8.509
   16.042 17.292
   16.082 8.571
   16.133 6.649
