# t  x
   0.040 0.000
   0.071 0.196
   0.111 1.764
   0.152 5.598
   0.212 4.594
   0.222 36.301
   0.293 4.289
   0.333 7.993
   0.374 10.031
   0.414 8.417
   0.454 10.375
   0.495 8.446
   0.535 10.275
   0.576 8.248
   0.586 40.885
   0.656 4.670
   0.666 39.474
   0.737 4.528
   0.747 39.968
   0.818 4.587
   0.858 8.076
   0.899 10.125
   0.939 8.487
   0.979 10.625
   1.020 8.764
   1.060 10.971
   1.101 9.040
   1.111 43.568
   1.181 5.012
   1.191 44.123
   1.262 4.953
   1.272 42.446
   1.343 4.825
   1.383 8.422
   1.424 10.159
   1.464 8.222
   1.504 10.078
   1.545 8.049
   1.585 9.833
   1.626 8.272
   1.636 41.403
   1.706 4.759
   1.716 42.743
   1.787 5.041
   1.797 44.699
   1.868 5.082
   1.908 8.965
   1.948 10.976
   1.989 8.837
   2.029 10.798
   2.070 8.543
   2.110 10.253
   2.150 8.272
   2.161 40.687
   2.231 4.588
   2.241 39.478
   2.312 4.627
   2.322 40.724
   2.393 4.700
   2.433 8.372
   2.473 10.749
   2.514 8.836
   2.554 10.896
   2.595 8.988
   2.635 10.991
   2.675 8.963
   2.685 43.225
   2.756 4.970
   2.766 42.928
   2.837 4.729
   2.847 41.349
   2.918 4.670
   2.958 8.122
   2.998 9.980
   3.039 8.121
   3.079 10.130
   3.120 8.098
   3.160 10.080
   3.200 8.667
   3.210 42.787
   3.281 4.972
   3.291 44.411
   3.362 5.127
   3.372 44.166
   3.442 5.039
   3.483 8.866
   3.523 10.650
   3.564 8.693
   3.604 10.424
   3.644 8.271
   3.685 9.981
   3.725 8.098
   3.735 40.233
   3.806 4.504
   3.816 40.170
   3.887 4.716
   3.897 42.313
   3.967 4.856
   4.008 8.819
   4.048 11.043
   4.088 9.106
   4.129 10.998
   4.169 8.940
   4.210 10.719
   4.250 8.618
   4.260 42.679
   4.331 4.856
   4.341 40.855
   4.411 4.617
   4.422 40.657
   4.492 4.602
   4.533 8.026
   4.573 10.005
   4.613 8.269
   4.654 10.355
   4.694 8.469
   4.735 10.723
   4.775 8.990
   4.785 43.581
   4.856 5.070
   4.866 44.484
   4.936 5.024
   4.946 43.022
   5.017 4.897
   5.058 8.595
   5.098 10.350
   5.138 8.418
   5.179 10.080
   5.219 8.120
   5.259 9.877
   5.300 8.194
   5.310 40.514
   5.381 4.655
   5.391 41.337
   5.461 4.958
   5.471 43.629
   5.542 5.081
   5.583 9.012
   5.623 11.023
   5.663 8.914
   5.704 10.946
   5.744 8.766
   5.784 10.374
   5.825 8.467
   5.835 41.107
   5.906 4.685
   5.916 39.474
   5.986 4.588
   5.996 40.233
   6.067 4.514
   6.107 8.220
   6.148 10.427
   6.188 8.542
   6.229 10.699
   6.269 8.866
   6.309 11.166
   6.350 8.958
   6.360 43.281
   6.431 5.099
   6.441 43.298
   6.511 4.954
   6.521 42.046
   6.592 4.771
   6.632 8.246
   6.673 10.031
   6.713 8.292
   6.754 9.932
   6.794 7.949
   6.834 10.003
   6.875 8.296
   6.885 42.276
   6.955 4.829
   6.966 43.388
   7.036 5.110
   7.046 44.416
   7.117 5.095
   7.157 8.841
   7.198 10.871
   7.238 8.765
   7.279 10.675
   7.319 8.519
   7.359 10.103
   7.400 8.222
   7.410 40.012
   7.480 4.617
   7.490 39.858
   7.561 4.645
   7.571 40.554
   7.642 4.755
   7.682 8.669
   7.723 10.918
   7.763 8.889
   7.803 10.992
   7.844 8.936
   7.884 11.045
   7.925 8.842
   7.935 42.770
   8.005 4.929
   8.015 41.642
   8.086 4.830
   8.096 40.645
   8.167 4.571
   8.207 8.074
   8.248 10.104
   8.288 8.319
   8.328 9.998
   8.369 8.123
   8.409 10.497
   8.449 8.693
   8.460 43.311
   8.530 5.056
   8.540 44.897
   8.611 5.056
   8.621 43.805
   8.692 5.025
   8.732 8.692
   8.772 10.526
   8.813 8.440
   8.853 10.428
   8.894 8.148
   8.934 9.903
   8.974 8.122
   8.984 39.822
   9.055 4.546
   9.065 41.048
   9.136 4.781
   9.146 42.928
   9.217 4.897
   9.257 8.939
   9.297 11.219
   9.338 8.984
   9.378 10.998
   9.419 8.816
   9.459 10.846
   9.499 8.594
   9.509 41.733
   9.580 4.716
   9.590 40.554
   9.661 4.659
   9.671 40.170
   9.742 4.544
   9.782 8.147
   9.822 10.255
   9.863 8.467
   9.903 10.353
   9.944 8.600
   9.984 10.818
   10.024 8.940
   10.034 43.946
   10.105 5.093
   10.115 44.020
   10.186 4.929
   10.196 43.706
   10.267 4.869
   10.307 8.447
   10.347 10.249
   10.388 8.316
   10.428 10.028
   10.469 7.924
   10.509 9.927
   10.549 8.296
   10.559 39.988
   10.630 4.741
   10.640 42.635
   10.711 5.027
   10.721 43.926
   10.792 5.052
   10.832 9.092
   10.872 10.947
   10.913 8.814
   10.953 10.722
   10.994 8.715
   11.034 10.375
   11.074 8.420
   11.085 40.855
   11.155 4.561
   11.165 39.854
   11.236 4.599
   11.246 40.245
   11.317 4.571
   11.357 8.298
   11.397 10.599
   11.438 8.788
   11.478 10.847
   11.519 9.037
   11.559 11.121
   11.599 9.013
   11.609 43.345
   11.680 4.985
   11.690 42.932
   11.761 4.844
   11.771 41.819
   11.842 4.627
   11.882 8.199
   11.922 10.155
   11.963 8.072
   12.003 9.955
   12.043 7.975
   12.084 10.252
   12.124 8.544
   12.134 41.897
   12.205 5.029
   12.215 43.809
   12.286 5.084
   12.296 44.605
   12.366 5.067
   12.407 8.964
   12.447 10.650
   12.488 8.741
   12.528 10.428
   12.568 8.296
   12.609 10.000
   12.649 8.197
   12.659 40.024
   12.730 4.571
   12.740 40.732
   12.811 4.731
   12.821 41.349
   12.891 4.813
   12.932 8.742
   12.972 11.122
   13.013 8.914
   13.053 10.950
   13.093 8.990
   13.134 10.893
   13.174 8.817
   13.184 42.395
   13.255 4.839
   13.265 41.436
   13.336 4.702
   13.346 40.609
   13.416 4.515
   13.457 8.023
   13.497 10.181
   13.537 8.243
   13.578 10.176
   13.618 8.396
   13.659 10.741
   13.699 8.867
   13.709 43.568
   13.780 5.084
   13.790 43.814
   13.860 5.013
   13.871 43.788
   13.941 4.954
   13.982 8.642
   14.022 10.454
   14.062 8.492
   14.103 10.182
   14.143 8.171
   14.184 9.953
   14.224 8.023
   14.234 40.004
   14.305 4.569
   14.315 41.683
   14.385 4.814
   14.396 42.902
   14.466 5.025
   14.507 9.088
   14.547 11.194
   14.587 8.863
   14.628 10.901
   14.668 8.793
   14.708 10.554
   14.749 8.593
   14.759 41.000
   14.830 4.616
   14.840 40.657
   14.910 4.688
   14.920 40.344
   14.991 4.439
   15.032 8.155
   15.072 10.425
   15.112 8.414
   15.153 8.413
   15.193 8.548
   15.234 9.010
   15.274 9.164
   15.294 30.983
   15.335 8.880
   15.375 10.822
   15.436 5.676
   15.446 42.635
   15.516 4.827
   15.557 8.273
   15.597 10.029
   15.638 8.217
   15.678 9.908
   15.718 8.147
   15.759 10.033
   15.799 8.147
   15.809 40.917
   15.880 4.867
   15.890 43.913
   15.961 4.991
   15.971 44.058
   16.041 5.080
   16.082 9.010
   16.122 10.917
