# t  x
   0.040 0.000
   0.091 0.000
   0.131 0.743
   0.152 13.412
   0.192 9.140
   0.253 5.166
   0.293 8.120
   0.333 10.002
   0.374 8.321
   0.414 10.296
   0.455 8.494
   0.465 40.778
   0.535 4.754
   0.545 40.546
   0.616 4.643
   0.626 40.328
   0.697 4.656
   0.737 8.124
   0.778 9.929
   0.818 8.195
   0.858 10.473
   0.899 8.442
   0.939 10.444
   0.980 8.791
   0.990 43.465
   1.060 5.052
   1.071 43.581
   1.141 5.026
   1.151 43.203
   1.222 4.897
   1.262 8.742
   1.303 10.448
   1.343 8.293
   1.383 10.201
   1.424 8.308
   1.464 10.096
   1.505 8.022
   1.515 40.174
   1.586 4.780
   1.596 41.127
   1.666 4.884
   1.676 43.117
   1.747 4.995
   1.757 43.401
   1.828 5.068
   1.868 8.886
   1.909 10.803
   1.949 8.758
   1.989 10.686
   2.030 8.567
   2.070 10.297
   2.111 8.288
   2.151 8.154
   2.192 8.096
   2.232 8.221
   2.272 8.295
   2.313 8.198
   2.333 28.082
   2.373 10.588
   2.434 5.841
   2.474 8.717
   2.515 10.871
   2.555 8.964
   2.596 10.889
   2.636 8.791
   2.646 42.490
   2.717 4.925
   2.727 42.103
   2.797 4.829
   2.808 41.341
   2.878 4.641
   2.888 40.383
   2.959 4.657
   2.999 8.244
   3.040 10.029
   3.080 8.244
   3.121 10.502
   3.161 8.571
   3.201 10.616
   3.242 8.915
   3.252 43.946
   3.323 5.026
   3.333 43.302
   3.403 5.036
   3.413 42.730
   3.484 4.869
   3.494 34.404
   3.565 4.558
   3.605 10.718
   3.646 10.180
   3.686 8.245
   3.726 10.022
   3.767 8.047
   3.777 41.210
   3.848 4.784
   3.858 41.724
   3.928 4.842
   3.938 43.431
   4.009 5.053
   4.049 8.867
   4.090 10.945
   4.130 8.889
   4.171 10.744
   4.211 8.739
   4.251 10.416
   4.292 8.420
   4.302 40.988
   4.373 4.727
   4.383 40.356
   4.453 4.587
   4.463 40.752
   4.534 4.685
   4.575 8.322
   4.615 10.227
   4.655 8.667
   4.696 10.850
   4.736 8.790
   4.776 10.939
   4.817 8.890
   4.827 43.268
   4.898 4.970
   4.908 43.096
   4.978 4.924
   4.988 41.448
   5.059 4.797
   5.099 8.420
   5.140 10.101
   5.180 8.187
   5.221 10.103
   5.261 8.246
   5.301 10.001
   5.342 8.293
   5.352 42.095
   5.423 4.937
   5.433 43.005
   5.503 5.096
   5.514 44.313
   5.584 4.982
   5.625 8.765
   5.665 10.823
   5.705 8.618
   5.746 10.551
   5.786 8.494
   5.796 40.574
   5.867 4.699
   5.877 40.486
   5.948 4.701
   5.958 39.723
   6.028 4.588
   6.038 41.547
   6.109 4.798
   6.150 8.619
   6.190 10.770
   6.230 8.890
   6.271 11.044
   6.311 8.913
   6.351 10.888
   6.392 8.767
   6.402 42.173
   6.473 4.920
   6.483 41.930
   6.553 4.743
   6.564 40.439
   6.634 4.713
   6.675 8.248
   6.715 10.068
   6.755 8.224
   6.796 10.279
   6.836 8.372
   6.846 41.527
   6.917 4.982
   6.927 43.268
   6.998 4.951
   7.038 8.788
   7.079 8.937
   7.119 8.867
   7.159 8.768
   7.200 8.641
   7.220 29.425
   7.260 10.399
   7.321 5.532
   7.361 8.224
   7.402 10.017
   7.442 8.136
   7.452 40.435
   7.523 4.756
   7.533 40.241
   7.604 4.801
   7.614 43.229
   7.684 4.996
   7.695 43.612
   7.765 5.010
   7.806 8.842
   7.846 10.871
   7.886 8.765
   7.927 10.722
   7.967 8.593
   8.008 8.243
   8.048 8.352
   8.088 8.304
   8.129 8.247
   8.169 8.121
   8.190 27.733
   8.230 10.129
   8.291 5.432
   8.331 8.546
   8.371 10.525
   8.412 8.564
   8.452 10.773
   8.492 9.013
   8.533 10.941
   8.573 8.716
   8.583 43.418
   8.654 4.925
   8.664 42.730
   8.735 4.828
   8.745 41.939
   8.816 4.684
   8.856 8.271
   8.896 10.352
   8.937 8.094
   8.977 9.927
   9.017 8.244
   9.058 10.322
   9.098 8.591
   9.108 41.341
   9.179 4.996
   9.189 43.913
   9.260 5.029
   9.270 44.110
   9.340 4.967
   9.381 8.743
   9.421 10.666
   9.462 8.666
   9.502 10.449
   9.542 8.318
   9.583 10.223
   9.623 8.221
   9.633 40.051
   9.704 4.656
   9.714 40.554
   9.785 4.674
   9.795 41.143
   9.866 4.838
   9.906 8.893
   9.946 10.845
   9.987 8.840
   10.027 10.969
   10.067 9.011
   10.108 10.821
   10.148 8.666
   10.158 42.421
   10.229 4.883
   10.239 41.642
   10.310 4.715
   10.320 40.550
   10.390 4.572
   10.401 40.732
   10.471 4.697
   10.512 8.173
   10.552 10.180
   10.592 8.513
   10.633 10.771
   10.673 8.791
   10.714 10.820
   10.754 8.941
   10.764 43.238
   10.835 5.014
   10.845 43.323
   10.915 4.882
   10.926 42.219
   10.996 4.811
   11.037 8.493
   11.077 10.153
   11.117 8.244
   11.158 10.151
   11.198 8.114
   11.239 10.003
   11.279 8.319
   11.289 41.700
   11.360 4.895
   11.370 42.511
   11.441 5.065
   11.451 44.321
   11.521 5.024
   11.562 8.842
   11.602 10.747
   11.643 8.832
   11.683 10.528
   11.723 8.566
   11.764 10.225
   11.804 8.296
   11.814 40.839
   11.885 4.683
   11.895 40.047
   11.966 4.599
   11.976 41.143
   12.046 4.783
   12.087 8.471
   12.127 10.598
   12.168 8.912
   12.208 10.896
   12.248 8.864
   12.289 10.845
   12.329 8.815
   12.339 42.541
   12.410 4.985
   12.420 42.240
   12.491 4.799
   12.501 41.333
   12.571 4.684
   12.612 8.369
   12.652 10.007
   12.693 8.266
   12.733 10.226
   12.773 8.246
   12.814 10.275
   12.854 8.568
   12.864 43.117
   12.935 4.995
   12.945 43.624
   13.016 5.080
   13.026 43.315
   13.096 4.982
   13.137 8.766
   13.177 10.574
   13.218 8.541
   13.258 10.375
   13.298 8.369
   13.339 10.025
   13.379 8.148
   13.389 40.649
   13.460 4.653
   13.470 40.063
   13.541 4.715
   13.551 42.532
   13.621 4.925
   13.662 8.667
   13.702 10.994
   13.743 8.938
   13.783 10.922
   13.823 8.840
   13.864 10.767
   13.904 8.667
   13.914 41.922
   13.985 4.882
   13.995 40.950
   14.066 4.654
   14.076 40.550
   14.147 4.641
   14.187 8.240
   14.227 10.004
   14.268 8.416
   14.308 10.476
   14.349 8.566
   14.389 10.761
   14.429 8.790
   14.439 43.508
   14.510 5.066
   14.520 43.517
   14.591 4.999
   14.601 42.532
   14.672 4.924
   14.712 8.544
   14.752 10.302
   14.793 8.294
   14.833 10.177
   14.874 8.218
   14.914 10.002
   14.954 8.196
   14.964 40.917
   15.035 4.698
   15.045 41.831
   15.116 4.927
   15.126 43.994
   15.197 4.995
   15.237 8.818
   15.277 11.018
   15.318 8.836
   15.358 10.747
   15.399 8.635
   15.439 10.543
   15.479 8.373
   15.490 41.107
   15.560 4.742
   15.570 39.748
   15.641 4.588
   15.651 40.843
   15.722 4.669
   15.732 40.554
   15.802 4.769
   15.843 8.693
   15.883 10.895
   15.924 8.813
   15.964 11.070
   16.004 8.913
   16.045 8.469
   16.085 8.675
   16.126 8.692
