# t  x
   0.051 0.000
   0.091 0.000
   0.132 1.139
   0.152 7.204
   0.192 12.824
   0.233 10.623
   0.293 5.614
   0.334 8.617
   0.374 10.698
   0.414 8.514
   0.455 10.406
   0.495 8.615
   0.535 10.149
   0.576 8.399
   0.586 40.229
   0.657 4.783
   0.667 40.744
   0.737 4.700
   0.747 42.334
   0.818 4.798
   0.858 8.594
   0.899 10.624
   0.939 8.657
   0.980 8.810
   1.020 8.444
   1.061 8.739
   1.101 8.816
   1.121 29.494
   1.162 8.470
   1.202 10.402
   1.263 5.533
   1.273 40.950
   1.343 4.742
   1.353 40.740
   1.424 4.685
   1.465 8.318
   1.505 10.449
   1.545 8.415
   1.586 10.447
   1.626 8.766
   1.666 10.742
   1.707 8.790
   1.717 43.169
   1.788 4.980
   1.798 42.395
   1.868 4.927
   1.879 42.425
   1.949 4.854
   1.990 8.396
   2.030 10.376
   2.070 8.491
   2.111 10.111
   2.151 8.297
   2.191 10.175
   2.232 8.369
   2.242 40.593
   2.313 4.829
   2.323 42.524
   2.393 4.942
   2.403 43.225
   2.474 5.036
   2.515 8.940
   2.555 10.670
   2.595 8.637
   2.636 10.616
   2.676 8.541
   2.716 10.398
   2.757 8.445
   2.767 40.609
   2.838 4.712
   2.848 41.250
   2.918 4.802
   2.928 40.344
   2.999 4.727
   3.040 8.546
   3.080 10.596
   3.120 8.615
   3.161 10.670
   3.201 8.838
   3.241 10.772
   3.282 8.766
   3.292 43.053
   3.363 4.897
   3.373 41.840
   3.443 4.901
   3.453 41.617
   3.524 4.766
   3.565 8.245
   3.605 10.302
   3.645 8.342
   3.686 10.152
   3.726 8.446
   3.736 40.917
   3.807 4.826
   3.817 42.140
   3.888 5.028
   3.898 43.216
   3.968 4.929
   3.978 43.526
   4.049 4.968
   4.089 8.744
   4.130 10.496
   4.170 8.564
   4.211 10.490
   4.251 8.371
   4.291 10.352
   4.332 8.295
   4.342 40.119
   4.413 4.713
   4.423 41.053
   4.493 4.808
   4.504 40.834
   4.574 4.841
   4.615 8.889
   4.655 8.624
   4.696 8.646
   4.736 8.693
   4.776 8.615
   4.797 29.597
   4.837 8.492
   4.898 7.065
   4.938 8.397
   4.948 41.222
   5.019 4.828
   5.029 41.139
   5.099 4.684
   5.110 40.839
   5.180 4.727
   5.221 8.269
   5.261 10.322
   5.301 8.642
   5.342 10.599
   5.382 8.616
   5.423 10.769
   5.463 8.987
   5.473 42.877
   5.544 4.914
   5.554 42.820
   5.624 4.883
   5.635 42.219
   5.705 4.812
   5.746 8.367
   5.786 10.250
   5.826 8.345
   5.867 10.401
   5.907 8.270
   5.948 10.099
   5.988 8.395
   5.998 41.877
   6.069 4.952
   6.079 41.642
   6.149 4.943
   6.160 43.809
   6.230 4.939
   6.271 8.864
   6.311 10.670
   6.351 8.640
   6.392 10.499
   6.432 8.585
   6.473 10.300
   6.513 8.319
   6.523 40.893
   6.594 4.715
   6.604 40.851
   6.674 4.703
   6.685 41.568
   6.755 4.770
   6.796 8.419
   6.836 10.696
   6.876 8.937
   6.917 10.699
   6.957 8.693
   6.998 10.769
   7.038 8.841
   7.048 41.992
   7.119 4.914
   7.129 42.017
   7.199 4.830
   7.210 41.650
   7.280 4.755
   7.321 8.320
   7.361 10.075
   7.401 8.342
   7.442 10.383
   7.482 8.270
   7.523 10.248
   7.563 8.593
   7.573 42.885
   7.644 4.967
   7.654 43.100
   7.724 5.055
   7.735 43.220
   7.805 4.925
   7.846 8.639
   7.886 10.473
   7.926 8.491
   7.967 10.425
   8.007 8.443
   8.048 10.075
   8.088 8.370
   8.098 40.963
   8.169 4.669
   8.179 40.822
   8.250 4.786
   8.260 42.507
   8.330 4.867
   8.371 8.593
   8.411 11.045
   8.452 8.882
   8.492 10.699
   8.532 8.773
   8.573 10.522
   8.613 8.690
   8.623 41.375
   8.694 4.866
   8.704 41.250
   8.775 4.688
   8.785 41.395
   8.855 4.741
   8.896 8.196
   8.936 10.203
   8.977 8.440
   9.017 10.610
   9.057 8.419
   9.098 10.630
   9.138 8.841
   9.148 42.988
   9.219 4.984
   9.229 43.087
   9.300 4.984
   9.310 42.136
   9.380 4.896
   9.421 8.543
   9.461 10.324
   9.502 8.410
   9.542 10.200
   9.582 8.367
   9.623 10.103
   9.663 8.368
   9.673 41.399
   9.744 4.726
   9.754 42.038
   9.825 4.943
   9.835 43.792
   9.905 4.940
   9.946 8.767
   9.986 10.795
   10.027 8.642
   10.067 10.621
   10.107 8.640
   10.148 10.372
   10.188 8.493
   10.198 41.300
   10.269 4.772
   10.279 40.455
   10.350 4.670
   10.360 41.638
   10.430 4.655
   10.471 8.318
   10.511 10.576
   10.552 8.713
   10.592 10.650
   10.632 8.618
   10.673 10.923
   10.713 8.809
   10.754 8.548
   10.794 8.693
   10.834 8.669
   10.875 8.618
   10.915 8.495
   10.936 28.915
   10.976 10.328
   11.036 5.414
   11.077 8.370
   11.117 10.250
   11.158 8.370
   11.198 10.074
   11.238 8.496
   11.249 41.996
   11.319 4.910
   11.329 42.606
   11.400 4.985
   11.410 43.676
   11.481 4.939
   11.521 8.759
   11.561 10.610
   11.602 8.567
   11.642 10.497
   11.683 8.567
   11.723 10.291
   11.763 8.370
   11.804 10.148
   11.844 8.245
   11.854 40.253
   11.925 4.828
   11.935 41.543
   12.006 4.727
   12.016 42.812
   12.087 4.983
   12.127 8.842
   12.167 10.670
   12.208 8.884
   12.248 10.773
   12.288 8.692
   12.329 10.544
   12.369 8.568
   12.379 41.362
   12.450 4.786
   12.460 41.415
   12.531 4.754
   12.541 40.221
   12.612 4.713
   12.652 8.421
   12.692 10.319
   12.733 8.369
   12.773 10.453
   12.813 8.765
   12.854 10.706
   12.894 8.716
   12.904 43.590
   12.975 4.983
   12.985 42.437
   13.056 4.957
   13.066 42.412
   13.136 4.811
   13.177 8.446
   13.217 10.324
   13.258 8.418
   13.298 10.230
   13.338 8.317
   13.379 10.122
   13.419 8.319
   13.429 41.103
   13.500 4.940
   13.510 42.125
   13.581 4.942
   13.591 43.324
   13.661 5.053
   13.702 8.892
   13.742 10.594
   13.783 8.689
   13.823 10.541
   13.863 8.566
   13.904 10.473
   13.944 8.369
   13.954 40.597
   14.025 4.768
   14.035 41.032
   14.106 4.713
   14.116 40.257
   14.187 4.798
   14.227 8.517
   14.267 10.523
   14.308 8.715
   14.348 10.775
   14.388 8.891
   14.429 10.654
   14.469 8.835
   14.479 42.688
   14.550 4.836
   14.560 41.943
   14.631 4.885
   14.641 42.116
   14.712 4.722
   14.752 8.269
   14.792 10.377
   14.833 8.247
   14.873 10.251
   14.914 8.369
   14.954 10.398
   14.994 8.294
   15.004 42.482
   15.075 5.052
   15.085 42.915
   15.156 4.914
   15.166 43.289
   15.237 4.981
   15.277 8.711
   15.317 10.526
   15.358 8.518
   15.398 10.447
   15.439 8.363
   15.479 10.428
   15.519 8.145
   15.530 40.296
   15.600 4.810
   15.610 41.028
   15.681 4.743
   15.691 41.246
   15.762 4.897
   15.772 42.907
   15.842 4.954
   15.883 8.866
   15.923 10.849
   15.964 8.715
   16.004 10.698
   16.044 8.738
   16.085 10.443
   16.125 8.518
