# t  x
   0.051 0.000
   0.091 1.535
   0.131 5.666
   0.172 7.927
   0.182 42.240
   0.252 4.911
   0.263 42.042
   0.333 4.928
   0.343 41.840
   0.414 4.882
   0.454 8.533
   0.495 10.417
   0.535 8.398
   0.575 10.403
   0.616 8.419
   0.656 10.253
   0.697 8.396
   0.707 41.621
   0.777 4.798
   0.787 41.630
   0.858 4.943
   0.868 42.825
   0.939 4.908
   0.979 8.658
   1.020 10.734
   1.060 8.642
   1.100 10.599
   1.141 8.617
   1.181 10.441
   1.222 8.494
   1.262 10.317
   1.302 8.468
   1.313 40.996
   1.383 4.730
   1.393 41.654
   1.464 4.741
   1.474 41.420
   1.545 4.855
   1.585 8.571
   1.625 10.723
   1.666 8.592
   1.706 10.750
   1.747 8.743
   1.787 10.543
   1.827 8.644
   1.837 42.078
   1.908 4.886
   1.918 41.650
   1.989 4.869
   1.999 41.156
   2.070 4.798
   2.110 8.321
   2.150 10.378
   2.191 8.490
   2.231 10.207
   2.272 8.568
   2.312 10.497
   2.352 8.568
   2.362 42.494
   2.433 4.958
   2.443 42.743
   2.514 4.939
   2.524 42.444
   2.595 4.953
   2.635 8.397
   2.675 8.540
   2.716 8.547
   2.756 8.468
   2.797 8.322
   2.817 28.626
   2.857 8.373
   2.898 10.321
   2.958 5.499
   2.968 41.935
   3.039 4.786
   3.049 42.116
   3.120 4.954
   3.160 8.695
   3.200 10.651
   3.241 8.668
   3.281 10.700
   3.322 8.691
   3.362 10.400
   3.402 8.643
   3.412 41.597
   3.483 4.797
   3.493 41.514
   3.564 4.796
   3.574 41.123
   3.645 4.728
   3.685 8.446
   3.725 10.376
   3.766 8.487
   3.806 7.972
   3.847 11.165
   3.887 10.650
   3.927 8.642
   3.938 42.984
   4.008 4.939
   4.018 41.947
   4.089 4.942
   4.099 42.021
   4.170 4.869
   4.210 8.372
   4.250 10.452
   4.291 8.491
   4.331 10.300
   4.372 8.345
   4.382 41.222
   4.452 4.784
   4.462 41.506
   4.533 4.871
   4.543 42.141
   4.614 4.943
   4.624 42.433
   4.695 5.010
   4.735 8.744
   4.775 10.500
   4.816 8.665
   4.856 10.501
   4.896 8.569
   4.937 10.449
   4.977 8.438
   4.987 41.288
   5.058 4.745
   5.068 41.424
   5.139 4.840
   5.149 40.621
   5.220 4.812
   5.260 8.595
   5.300 10.501
   5.341 8.591
   5.381 10.599
   5.421 8.793
   5.462 10.550
   5.502 8.718
   5.512 42.604
   5.583 4.801
   5.593 42.004
   5.664 4.925
   5.674 41.741
   5.744 4.813
   5.785 8.292
   5.825 10.402
   5.866 8.415
   5.906 10.254
   5.946 8.491
   5.987 10.387
   6.027 8.347
   6.037 42.684
   6.108 4.943
   6.118 42.606
   6.189 4.929
   6.199 42.618
   6.269 4.955
   6.310 8.621
   6.350 10.500
   6.391 8.543
   6.431 10.455
   6.471 8.469
   6.512 10.495
   6.552 8.221
   6.562 40.905
   6.633 4.815
   6.643 41.345
   6.714 4.801
   6.724 41.337
   6.794 4.927
   6.835 8.644
   6.875 10.649
   6.915 8.790
   6.956 10.680
   6.996 8.716
   7.037 10.498
   7.077 8.667
   7.087 41.889
   7.158 4.843
   7.168 41.432
   7.238 4.844
   7.249 41.345
   7.319 4.741
   7.360 8.419
   7.400 10.302
   7.440 8.418
   7.481 10.476
   7.521 8.567
   7.561 10.472
   7.602 8.516
   7.612 42.864
   7.683 5.027
   7.693 42.520
   7.763 4.900
   7.773 42.442
   7.844 4.897
   7.884 8.519
   7.925 10.419
   7.965 8.541
   8.006 10.303
   8.046 8.370
   8.086 10.373
   8.127 8.270
   8.137 41.210
   8.208 4.843
   8.218 42.136
   8.288 4.859
   8.298 42.437
   8.369 4.925
   8.409 8.740
   8.450 10.622
   8.490 8.790
   8.531 10.555
   8.571 8.518
   8.611 10.496
   8.652 8.594
   8.662 41.210
   8.732 4.830
   8.743 41.543
   8.813 4.742
   8.823 41.436
   8.894 4.741
   8.934 8.447
   8.975 10.322
   9.015 8.542
   9.055 10.770
   9.096 8.617
   9.136 10.598
   9.177 8.690
   9.187 42.606
   9.257 4.943
   9.267 41.943
   9.338 4.928
   9.348 41.918
   9.419 4.797
   9.459 8.520
   9.500 10.350
   9.540 8.437
   9.580 10.276
   9.621 8.420
   9.661 10.375
   9.702 8.397
   9.712 41.090
   9.782 4.938
   9.792 42.614
   9.863 4.942
   9.873 42.924
   9.944 4.939
   9.984 8.653
   10.025 10.546
   10.065 8.663
   10.106 10.477
   10.146 8.516
   10.186 10.375
   10.227 8.493
   10.237 40.760
   10.307 4.830
   10.317 41.139
   10.388 4.759
   10.398 41.650
   10.469 4.797
   10.509 8.643
   10.550 10.399
   10.590 8.739
   10.630 10.771
   10.671 8.644
   10.711 10.623
   10.752 8.744
   10.762 41.790
   10.832 4.915
   10.842 41.827
   10.913 4.867
   10.923 41.353
   10.994 4.744
   11.034 8.471
   11.075 10.251
   11.115 8.345
   11.156 10.401
   11.196 8.444
   11.236 10.426
   11.277 8.540
   11.287 42.589
   11.357 4.940
   11.368 42.644
   11.438 4.943
   11.448 42.545
   11.519 4.925
   11.559 8.496
   11.600 10.602
   11.640 8.519
   11.680 10.424
   11.721 8.445
   11.761 10.273
   11.802 8.445
   11.812 40.671
   11.882 4.827
   11.892 41.432
   11.963 4.756
   11.973 42.330
   12.044 4.911
   12.084 8.770
   12.125 10.624
   12.165 8.740
   12.205 10.675
   12.246 8.594
   12.286 10.500
   12.327 8.668
   12.337 41.609
   12.407 4.854
   12.417 41.452
   12.488 4.759
   12.498 41.238
   12.569 4.796
   12.609 8.446
   12.650 10.280
   12.690 8.395
   12.730 10.575
   12.771 8.545
   12.811 10.500
   12.851 8.743
   12.862 43.048
   12.932 4.943
   12.942 42.347
   13.013 4.927
   13.023 42.029
   13.094 4.884
   13.134 8.446
   13.174 10.504
   13.215 8.395
   13.255 10.278
   13.296 8.494
   13.336 10.302
   13.376 8.395
   13.386 41.206
   13.457 4.858
   13.467 42.429
   13.538 4.786
   13.548 42.936
   13.619 4.968
   13.659 8.693
   13.699 10.652
   13.740 8.714
   13.780 10.520
   13.820 8.520
   13.861 10.452
   13.901 8.519
   13.911 41.502
   13.982 4.745
   13.992 41.654
   14.063 4.713
   14.073 41.456
   14.143 4.827
   14.184 8.398
   14.224 10.480
   14.265 8.545
   14.305 10.749
   14.345 8.695
   14.386 10.546
   14.426 8.793
   14.436 42.343
   14.507 4.899
   14.517 42.339
   14.588 4.840
   14.598 41.939
   14.668 4.828
   14.709 8.398
   14.749 10.430
   14.789 8.271
   14.830 10.380
   14.870 8.421
   14.911 10.272
   14.951 8.470
   14.961 41.650
   15.032 4.980
   15.042 42.433
   15.113 4.940
   15.123 43.276
   15.193 4.884
   15.234 8.519
   15.274 10.626
   15.314 8.667
   15.355 10.352
   15.395 8.546
   15.436 10.323
   15.476 8.471
   15.486 40.871
   15.557 4.765
   15.597 8.437
   15.638 8.274
   15.678 8.373
   15.718 8.713
   15.759 8.435
   15.779 29.734
   15.820 10.758
   15.880 5.698
   15.921 8.737
   15.961 8.412
   16.001 8.463
   16.042 8.639
   16.082 8.720
   16.103 28.942
