# x  t
   0.050 1.437
   0.101 3.145
   0.131 14.125
   0.182 7.185
   0.212 14.744
   0.252 8.668
   0.293 10.666
   0.333 8.521
   0.384 8.406
   0.414 11.320
   0.464 8.468
   0.495 11.257
   0.545 8.342
   0.575 11.183
   0.626 6.748
   0.656 14.385
   0.707 6.847
   0.737 13.976
   0.777 8.489
   0.818 10.494
   0.858 8.592
   0.909 8.519
   0.939 11.348
   0.989 8.441
   1.020 11.381
   1.070 6.913
   1.111 8.473
   1.141 11.383
   1.181 12.720
   1.222 8.445
   1.272 6.727
   1.313 12.483
   1.343 10.888
   1.383 8.368
   1.434 8.407
   1.464 11.377
   1.515 8.367
   1.545 11.151
   1.596 8.442
   1.626 11.351
   1.676 6.769
   1.707 14.419
   1.757 6.807
   1.787 13.922
   1.838 6.802
   1.868 14.385
   1.909 8.568
   1.949 10.470
   1.989 8.415
   2.040 8.423
   2.070 11.388
   2.121 8.441
   2.151 11.283
   2.201 8.442
   2.232 11.319
   2.282 6.807
   2.312 14.340
   2.363 6.808
   2.393 14.123
   2.434 8.511
   2.474 10.551
   2.514 8.450
   2.565 8.434
   2.595 11.351
   2.646 8.445
   2.676 11.226
   2.726 8.444
   2.757 11.285
   2.807 6.749
   2.838 14.355
   2.888 6.869
   2.918 14.255
   2.959 8.394
   2.999 10.488
   3.039 8.469
   3.090 8.444
   3.120 11.258
   3.171 8.446
   3.201 11.256
   3.251 8.441
   3.282 11.349
   3.332 6.829
   3.362 14.387
   3.413 6.831
   3.443 14.055
   3.484 8.542
   3.524 10.491
   3.564 8.468
   3.615 8.441
   3.645 11.319
   3.696 8.400
   3.726 11.185
   3.776 8.424
   3.807 11.316
   3.857 6.788
   3.887 14.351
   3.938 6.825
   3.968 14.278
   4.009 8.542
   4.049 10.542
   4.089 8.543
   4.140 8.418
   4.170 11.214
   4.221 8.366
   4.251 11.286
   4.301 8.445
   4.332 11.283
   4.382 6.709
   4.413 14.350
   4.463 6.788
   4.493 14.288
   4.534 8.444
   4.574 10.575
   4.614 8.567
   4.665 8.517
   4.695 11.313
   4.746 8.446
   4.776 11.286
   4.826 8.483
   4.857 11.384
   4.907 6.788
   4.938 14.252
   4.988 6.844
   5.018 14.251
   5.059 8.517
   5.109 6.709
   5.150 8.444
   5.180 16.988
   5.220 8.667
   5.271 6.814
   5.312 8.401
   5.352 12.725
   5.382 11.358
   5.433 6.769
   5.473 8.541
   5.514 8.592
   5.544 16.863
   5.584 8.393
   5.635 6.651
   5.675 12.557
   5.716 8.342
   5.746 10.882
   5.796 8.351
   5.827 11.356
   5.877 8.495
   5.907 11.321
   5.958 6.745
   5.988 14.043
   6.039 6.782
   6.069 14.055
   6.120 6.886
   6.150 14.312
   6.190 8.566
   6.231 10.526
   6.271 8.518
   6.321 8.424
   6.352 11.290
   6.402 8.466
   6.432 11.285
   6.483 8.430
   6.513 11.286
   6.564 6.786
   6.594 14.246
   6.645 6.865
   6.675 14.385
   6.715 8.468
   6.756 10.398
   6.796 8.517
   6.846 8.442
   6.877 11.315
   6.927 8.405
   6.957 11.259
   7.008 8.399
   7.038 11.383
   7.089 6.849
   7.119 14.118
   7.170 6.727
   7.200 13.925
   7.240 8.494
   7.281 10.523
   7.321 8.543
   7.371 8.428
   7.402 11.257
   7.452 8.402
   7.483 11.273
   7.533 8.421
   7.563 11.249
   7.614 6.788
   7.644 14.155
   7.695 6.785
   7.725 14.256
   7.765 8.593
   7.806 10.573
   7.846 8.519
   7.896 8.439
   7.927 11.251
   7.977 8.365
   8.008 11.260
   8.058 8.459
   8.088 11.345
   8.139 6.789
   8.169 14.218
   8.220 6.766
   8.250 14.283
   8.290 8.569
   8.331 10.523
   8.371 8.540
   8.421 8.460
   8.452 11.317
   8.502 8.486
   8.533 11.391
   8.583 8.461
   8.613 11.277
   8.664 6.769
   8.694 14.320
   8.745 6.806
   8.775 14.020
   8.815 8.465
   8.856 10.499
   8.896 8.442
   8.947 8.398
   8.977 11.220
   9.027 8.428
   9.058 11.423
   9.108 8.457
   9.138 11.319
   9.189 6.790
   9.219 14.312
   9.270 6.847
   9.300 14.350
   9.340 8.540
   9.381 10.448
   9.421 8.394
   9.472 8.379
   9.502 11.251
   9.552 8.426
   9.583 11.224
   9.633 8.425
   9.663 11.382
   9.714 6.789
   9.744 14.300
   9.795 6.887
   9.825 14.387
   9.865 8.591
   9.906 10.524
   9.946 8.470
   9.997 8.454
   10.027 11.353
   10.077 8.463
   10.108 11.225
   10.158 8.403
   10.188 11.319
   10.239 6.788
   10.269 14.353
   10.320 6.827
   10.350 14.015
   10.390 8.445
   10.441 8.406
   10.471 11.315
   10.522 8.402
   10.552 11.250
   10.602 8.489
   10.633 11.324
   10.683 8.380
   10.713 11.316
   10.764 6.764
   10.794 14.286
   10.845 6.806
   10.875 14.351
   10.915 8.544
   10.956 10.495
   10.996 8.445
   11.047 8.458
   11.077 11.351
   11.127 8.428
   11.158 11.289
   11.208 8.464
   11.238 11.256
   11.289 6.787
   11.319 14.414
   11.370 6.786
   11.400 14.083
   11.440 8.469
   11.481 10.481
   11.521 8.516
   11.572 8.478
   11.602 11.316
   11.652 8.422
   11.683 11.250
   11.733 8.421
   11.764 11.252
   11.814 6.748
   11.844 14.053
   11.895 6.747
   11.925 14.320
   11.965 8.514
   12.006 10.495
   12.046 8.467
   12.097 8.440
   12.127 11.279
   12.177 8.487
   12.208 11.321
   12.258 8.476
   12.289 11.480
   12.339 6.790
   12.369 14.319
   12.420 6.765
   12.450 14.250
   12.491 8.482
   12.531 10.582
   12.571 8.446
   12.622 8.361
   12.652 11.249
   12.703 8.426
   12.733 11.289
   12.783 8.442
   12.814 11.345
   12.864 6.849
   12.894 14.319
   12.945 6.764
   12.975 14.351
   13.026 6.823
   13.056 14.057
   13.096 8.494
   13.147 8.422
   13.177 11.251
   13.228 8.324
   13.258 11.323
   13.309 6.708
   13.349 8.306
   13.379 16.740
   13.420 8.542
   13.460 8.493
   13.511 6.725
   13.551 12.629
   13.581 10.992
   13.622 8.422
   13.662 10.500
   13.702 8.567
   13.753 8.460
   13.783 11.286
   13.834 8.409
   13.864 11.258
   13.914 8.400
   13.945 11.254
   13.995 6.766
   14.025 14.348
   14.076 6.846
   14.106 14.354
   14.147 8.517
   14.187 10.449
   14.227 8.493
   14.278 8.476
   14.308 11.259
   14.359 8.427
   14.389 11.259
   14.439 8.343
   14.470 11.186
   14.520 6.829
   14.550 14.417
   14.601 6.786
   14.631 13.957
   14.672 8.515
   14.712 10.547
   14.752 8.517
   14.803 8.420
   14.833 11.351
   14.884 8.427
   14.914 11.257
   14.964 8.439
   14.995 11.354
   15.045 6.790
   15.075 14.049
   15.126 6.886
   15.156 14.285
   15.197 8.516
   15.237 10.522
   15.277 8.516
   15.328 8.418
   15.358 11.318
   15.409 8.406
   15.439 11.257
   15.489 8.462
   15.520 11.350
   15.570 6.769
   15.600 14.248
   15.651 6.748
   15.681 14.319
   15.722 8.565
   15.762 10.524
   15.802 8.492
   15.853 8.379
   15.883 11.317
   15.934 8.447
   15.964 11.249
   16.014 8.441
   16.045 11.319
   16.095 6.848
   16.125 14.354
