# x  t
   0.051 1.778
   0.101 4.811
   0.141 8.297
   0.182 12.741
   0.212 11.091
   0.263 8.401
   0.293 11.227
   0.343 6.826
   0.374 14.384
   0.424 6.847
   0.454 14.281
   0.495 8.520
   0.535 10.473
   0.576 8.471
   0.626 8.457
   0.656 11.285
   0.707 8.342
   0.737 11.283
   0.788 8.504
   0.818 11.289
   0.868 6.713
   0.899 14.275
   0.949 6.824
   0.979 14.388
   1.020 8.542
   1.060 10.550
   1.101 8.519
   1.151 8.483
   1.181 11.322
   1.232 8.460
   1.262 11.289
   1.313 8.401
   1.343 11.316
   1.393 6.831
   1.424 14.391
   1.474 6.729
   1.504 13.989
   1.545 8.495
   1.585 10.526
   1.626 8.495
   1.676 8.427
   1.706 11.358
   1.757 8.469
   1.787 11.287
   1.837 8.421
   1.868 11.324
   1.918 6.790
   1.948 14.225
   1.999 6.806
   2.029 14.090
   2.070 8.419
   2.110 10.427
   2.150 8.445
   2.201 8.405
   2.231 11.257
   2.282 8.383
   2.312 11.279
   2.362 8.440
   2.393 11.325
   2.443 6.850
   2.473 14.485
   2.524 6.884
   2.554 14.354
   2.595 8.616
   2.635 10.570
   2.675 8.492
   2.726 8.429
   2.756 11.280
   2.807 8.427
   2.837 11.189
   2.887 8.381
   2.918 11.287
   2.968 6.809
   2.998 14.387
   3.049 6.847
   3.079 14.256
   3.120 8.445
   3.160 10.551
   3.200 8.494
   3.251 8.428
   3.281 11.258
   3.331 8.408
   3.362 11.194
   3.412 8.439
   3.442 11.322
   3.493 6.750
   3.523 14.289
   3.574 6.828
   3.604 14.320
   3.644 8.568
   3.685 10.526
   3.725 8.494
   3.776 8.409
   3.806 11.320
   3.856 8.427
   3.887 11.292
   3.937 8.422
   3.967 11.422
   4.018 6.809
   4.048 14.386
   4.099 6.805
   4.129 14.355
   4.169 8.569
   4.210 10.521
   4.250 8.494
   4.300 8.426
   4.331 11.217
   4.381 8.428
   4.411 11.356
   4.462 8.385
   4.492 11.192
   4.543 6.731
   4.573 14.321
   4.624 6.809
   4.654 14.289
   4.694 8.544
   4.735 10.574
   4.775 8.495
   4.825 8.447
   4.856 11.324
   4.906 8.461
   4.936 11.283
   4.987 8.463
   5.017 11.384
   5.068 6.810
   5.098 14.285
   5.148 6.807
   5.179 14.058
   5.219 8.517
   5.259 10.496
   5.300 8.442
   5.350 8.356
   5.381 11.288
   5.431 8.488
   5.461 11.226
   5.512 8.463
   5.542 11.352
   5.593 6.808
   5.623 14.389
   5.673 6.827
   5.704 13.924
   5.744 8.394
   5.784 10.497
   5.825 8.492
   5.875 8.425
   5.906 11.177
   5.956 8.386
   5.986 11.260
   6.037 8.382
   6.067 11.215
   6.118 6.809
   6.148 14.451
   6.198 6.887
   6.229 14.455
   6.269 8.568
   6.309 10.572
   6.350 8.562
   6.400 8.526
   6.431 11.325
   6.481 8.403
   6.511 11.219
   6.562 8.425
   6.592 11.291
   6.643 6.770
   6.673 14.320
   6.723 6.786
   6.754 13.991
   6.794 8.544
   6.834 10.573
   6.875 8.420
   6.925 8.464
   6.955 11.325
   7.006 8.403
   7.036 11.219
   7.087 8.424
   7.117 11.282
   7.168 6.690
   7.198 14.287
   7.248 6.788
   7.279 14.157
   7.319 8.494
   7.359 10.523
   7.400 8.544
   7.450 8.465
   7.480 11.326
   7.531 8.467
   7.561 11.324
   7.612 8.440
   7.642 11.320
   7.692 6.828
   7.723 14.452
   7.773 6.867
   7.803 14.381
   7.844 8.540
   7.884 10.550
   7.925 8.470
   7.975 8.465
   8.005 11.259
   8.056 8.429
   8.086 11.260
   8.136 8.382
   8.167 11.286
   8.217 6.829
   8.248 14.254
   8.298 6.768
   8.328 14.243
   8.369 8.569
   8.409 10.473
   8.449 8.470
   8.500 8.407
   8.530 11.292
   8.581 8.468
   8.611 11.390
   8.661 8.502
   8.692 11.320
   8.742 6.769
   8.772 14.322
   8.823 6.885
   8.853 14.323
   8.894 8.519
   8.934 10.522
   8.974 8.444
   9.025 8.425
   9.055 11.325
   9.106 8.455
   9.136 11.286
   9.186 8.442
   9.217 11.319
   9.267 6.748
   9.297 14.024
   9.348 6.806
   9.378 14.126
   9.419 8.519
   9.459 10.474
   9.499 8.445
   9.550 8.367
   9.580 11.323
   9.631 8.507
   9.661 11.221
   9.711 8.325
   9.742 11.187
   9.792 6.789
   9.822 14.322
   9.873 6.847
   9.903 14.158
   9.944 8.551
   9.984 10.571
   10.024 8.543
   10.075 8.497
   10.105 11.312
   10.156 8.468
   10.186 11.325
   10.236 8.421
   10.267 11.253
   10.317 6.770
   10.347 14.317
   10.398 6.786
   10.428 14.252
   10.469 8.493
   10.509 10.472
   10.549 8.395
   10.600 8.458
   10.630 11.352
   10.681 8.425
   10.711 11.325
   10.761 8.461
   10.792 11.354
   10.842 6.850
   10.872 14.354
   10.923 6.800
   10.953 14.104
   10.994 8.418
   11.034 10.475
   11.074 8.494
   11.125 8.389
   11.155 11.292
   11.206 8.461
   11.236 11.318
   11.286 8.441
   11.317 11.385
   11.367 6.829
   11.397 14.388
   11.448 6.865
   11.478 14.354
   11.519 8.492
   11.559 10.577
   11.599 8.492
   11.650 8.404
   11.680 11.257
   11.731 8.429
   11.761 11.321
   11.811 8.441
   11.842 11.311
   11.892 6.731
   11.922 14.222
   11.973 6.807
   12.003 14.387
   12.043 8.519
   12.084 10.500
   12.124 8.470
   12.175 8.449
   12.205 11.257
   12.255 8.429
   12.286 11.288
   12.336 8.423
   12.366 11.253
   12.417 6.809
   12.447 14.355
   12.498 6.829
   12.528 14.024
   12.568 8.494
   12.609 10.594
   12.649 8.470
   12.700 8.421
   12.730 11.285
   12.780 8.409
   12.811 11.290
   12.861 8.485
   12.891 11.351
   12.942 6.769
   12.972 14.324
   13.023 6.809
   13.053 14.289
   13.093 8.519
   13.134 10.546
   13.174 8.495
   13.225 8.399
   13.255 11.281
   13.305 8.348
   13.336 11.189
   13.386 8.424
   13.416 11.316
   13.467 6.809
   13.497 14.256
   13.548 6.745
   13.578 14.388
   13.618 8.569
   13.659 10.592
   13.699 8.471
   13.749 8.425
   13.780 11.423
   13.830 8.526
   13.860 11.291
   13.911 8.443
   13.941 11.285
   13.992 6.789
   14.022 14.324
   14.073 6.868
   14.103 14.356
   14.143 8.468
   14.184 10.424
   14.224 8.494
   14.274 8.436
   14.305 11.280
   14.355 8.462
   14.385 11.357
   14.436 8.462
   14.466 11.250
   14.517 6.789
   14.547 14.320
   14.598 6.789
   14.628 14.289
   14.668 8.496
   14.708 10.480
   14.749 8.395
   14.799 8.386
   14.830 11.256
   14.880 8.409
   14.910 11.226
   14.961 8.390
   14.991 11.380
   15.042 6.853
   15.072 14.419
   15.112 8.587
   15.163 6.833
   15.203 8.573
   15.234 16.985
   15.274 8.644
   15.324 6.832
   15.365 8.446
   15.405 12.491
   15.436 10.923
   15.486 8.344
   15.516 11.219
   15.567 6.750
   15.597 14.354
   15.648 6.827
   15.678 14.285
   15.718 8.469
   15.759 10.528
   15.799 8.519
   15.849 8.420
   15.880 11.279
   15.930 8.409
   15.961 11.179
   16.011 8.418
   16.041 11.285
   16.092 6.725
   16.122 13.989
