# x  t
   0.061 2.357
   0.091 9.536
   0.131 8.815
   0.182 6.906
   0.222 12.775
   0.253 10.958
   0.293 8.445
   0.333 10.540
   0.374 8.594
   0.424 8.473
   0.455 11.353
   0.505 8.450
   0.535 11.322
   0.586 8.441
   0.616 11.288
   0.667 6.788
   0.697 14.354
   0.747 6.827
   0.778 14.320
   0.818 8.539
   0.858 10.421
   0.899 8.466
   0.949 8.360
   0.980 11.349
   1.030 8.476
   1.060 11.338
   1.111 8.401
   1.141 11.384
   1.192 6.729
   1.222 14.054
   1.272 6.772
   1.303 14.319
   1.343 8.517
   1.383 10.424
   1.424 8.493
   1.474 8.398
   1.505 11.216
   1.555 8.446
   1.585 11.325
   1.636 8.458
   1.666 11.314
   1.717 6.750
   1.747 14.450
   1.798 6.827
   1.828 14.349
   1.868 8.566
   1.909 10.497
   1.949 8.512
   1.999 8.438
   2.030 11.380
   2.080 8.367
   2.110 11.321
   2.161 8.379
   2.191 11.386
   2.242 6.728
   2.272 14.452
   2.323 6.766
   2.353 14.286
   2.403 6.824
   2.434 14.393
   2.474 8.493
   2.524 8.401
   2.555 11.312
   2.605 8.425
   2.636 11.285
   2.686 8.403
   2.716 11.350
   2.767 6.729
   2.797 14.384
   2.848 6.807
   2.878 14.405
   2.928 6.758
   2.959 14.008
   2.999 8.521
   3.039 10.540
   3.080 8.516
   3.130 8.384
   3.161 11.325
   3.211 8.402
   3.241 11.387
   3.292 8.424
   3.322 11.316
   3.373 6.730
   3.403 14.417
   3.453 6.846
   3.484 14.355
   3.524 8.492
   3.575 8.420
   3.605 11.283
   3.655 8.406
   3.686 11.355
   3.736 8.369
   3.766 11.325
   3.817 8.461
   3.847 11.321
   3.898 6.728
   3.928 14.272
   3.978 6.787
   4.009 14.410
   4.049 8.543
   4.089 10.473
   4.130 8.491
   4.180 8.458
   4.211 11.384
   4.261 8.450
   4.291 11.291
   4.342 8.383
   4.372 11.321
   4.423 6.767
   4.453 14.419
   4.503 6.786
   4.534 14.280
   4.574 8.467
   4.614 10.519
   4.655 8.470
   4.705 8.424
   4.736 11.318
   4.786 8.489
   4.816 11.324
   4.867 8.402
   4.897 11.282
   4.948 6.789
   4.978 14.386
   5.028 6.782
   5.059 14.340
   5.099 8.493
   5.139 10.443
   5.180 8.445
   5.230 8.437
   5.261 11.318
   5.311 8.369
   5.341 11.225
   5.392 8.463
   5.422 11.423
   5.473 6.788
   5.503 14.387
   5.553 6.825
   5.584 14.085
   5.624 8.465
   5.675 6.847
   5.715 8.420
   5.745 17.022
   5.786 8.592
   5.826 8.491
   5.877 6.651
   5.917 12.507
   5.947 11.186
   5.998 6.709
   6.028 14.452
   6.079 6.827
   6.109 14.288
   6.149 8.518
   6.190 10.523
   6.230 8.544
   6.281 8.399
   6.311 11.285
   6.361 8.387
   6.392 11.257
   6.442 8.404
   6.472 11.283
   6.523 6.791
   6.553 14.284
   6.604 6.806
   6.634 14.088
   6.674 8.510
   6.715 10.472
   6.755 8.520
   6.806 8.439
   6.836 11.289
   6.887 8.403
   6.917 11.320
   6.967 8.443
   6.998 11.349
   7.048 6.747
   7.078 14.449
   7.129 6.786
   7.159 14.287
   7.200 8.566
   7.240 10.545
   7.280 8.468
   7.331 8.402
   7.361 11.316
   7.412 8.386
   7.442 11.358
   7.492 8.421
   7.523 11.286
   7.573 6.690
   7.603 14.385
   7.654 6.788
   7.684 14.418
   7.735 6.803
   7.765 13.988
   7.805 8.566
   7.846 10.474
   7.886 8.444
   7.937 8.419
   7.967 11.334
   8.017 8.479
   8.048 11.349
   8.098 8.440
   8.129 11.285
   8.179 6.770
   8.209 14.386
   8.260 6.825
   8.290 14.379
   8.330 8.495
   8.371 10.448
   8.411 8.471
   8.462 8.453
   8.492 11.282
   8.542 8.385
   8.573 11.282
   8.623 8.478
   8.654 11.352
   8.704 6.770
   8.734 14.354
   8.785 6.768
   8.815 13.922
   8.856 8.515
   8.896 10.476
   8.936 8.518
   8.987 8.374
   9.017 11.349
   9.068 8.359
   9.098 11.225
   9.148 8.422
   9.179 11.412
   9.229 6.830
   9.259 14.155
   9.310 6.805
   9.340 14.353
   9.381 8.568
   9.421 10.573
   9.461 8.568
   9.512 8.363
   9.542 11.250
   9.593 8.427
   9.623 11.323
   9.673 8.394
   9.704 11.281
   9.754 6.749
   9.784 14.319
   9.835 6.826
   9.865 14.418
   9.906 8.518
   9.946 10.447
   9.986 8.543
   10.037 8.420
   10.067 11.249
   10.118 8.383
   10.148 11.257
   10.198 8.420
   10.229 11.255
   10.279 6.729
   10.309 14.353
   10.360 6.725
   10.390 14.388
   10.431 8.592
   10.471 10.525
   10.511 8.521
   10.562 8.400
   10.592 11.351
   10.643 8.485
   10.673 11.324
   10.723 8.441
   10.754 11.315
   10.804 6.749
   10.834 14.419
   10.885 6.886
   10.915 14.284
   10.956 8.470
   10.996 10.499
   11.036 8.515
   11.087 8.415
   11.117 11.289
   11.168 8.425
   11.198 11.292
   11.248 8.462
   11.279 11.248
   11.329 6.730
   11.359 14.320
   11.410 6.846
   11.440 14.349
   11.481 8.493
   11.521 10.474
   11.561 8.494
   11.612 8.405
   11.642 11.423
   11.693 8.421
   11.723 11.318
   11.773 8.422
   11.804 11.448
   11.854 6.814
   11.895 8.471
   11.935 8.567
   11.965 16.996
   12.006 8.593
   12.056 6.749
   12.097 12.574
   12.137 8.417
   12.167 11.223
   12.218 8.385
   12.248 11.356
   12.299 8.415
   12.329 11.286
   12.379 6.730
   12.410 14.449
   12.460 6.786
   12.490 14.353
   12.541 6.804
   12.571 14.353
   12.612 8.467
   12.662 8.403
   12.692 11.350
   12.743 8.384
   12.773 11.224
   12.824 8.413
   12.854 11.321
   12.904 8.419
   12.935 11.347
   12.985 6.791
   13.016 14.443
   13.066 6.823
   13.096 14.353
   13.137 8.516
   13.177 10.497
   13.218 8.516
   13.268 8.439
   13.298 11.218
   13.349 8.340
   13.379 11.318
   13.430 8.437
   13.460 11.355
   13.511 6.766
   13.541 14.287
   13.591 6.806
   13.622 14.386
   13.662 8.565
   13.702 10.496
   13.743 8.466
   13.793 8.420
   13.824 11.346
   13.874 8.450
   13.904 11.324
   13.955 8.420
   13.985 11.237
   14.036 6.709
   14.066 14.320
   14.116 6.827
   14.147 14.281
   14.187 8.520
   14.227 10.493
   14.268 8.492
   14.318 8.420
   14.349 11.317
   14.399 8.490
   14.429 11.393
   14.480 8.441
   14.510 11.318
   14.561 6.767
   14.591 14.386
   14.641 6.849
   14.672 14.320
   14.712 8.445
   14.752 10.447
   14.793 8.517
   14.843 8.421
   14.874 11.312
   14.924 8.424
   14.954 11.225
   15.005 8.403
   15.035 11.384
   15.086 6.766
   15.116 14.353
   15.166 6.767
   15.197 14.381
   15.237 8.519
   15.277 10.471
   15.318 8.493
   15.368 8.463
   15.399 11.253
   15.449 8.390
   15.479 11.291
   15.530 8.463
   15.560 11.256
   15.611 6.807
   15.641 14.452
   15.691 6.806
   15.722 13.957
   15.762 8.469
   15.802 10.490
   15.843 8.518
   15.893 8.461
   15.924 11.383
   15.974 8.391
   16.004 11.287
   16.055 8.483
   16.085 11.315
   16.136 6.747
