# x  t
   0.051 3.208
   0.091 6.837
   0.131 8.593
   0.182 6.791
   0.222 12.554
   0.253 10.916
   0.303 6.746
   0.333 14.418
   0.374 8.494
   0.414 10.494
   0.455 8.494
   0.505 8.438
   0.535 11.313
   0.586 8.463
   0.616 11.322
   0.667 8.439
   0.697 11.252
   0.747 6.770
   0.778 14.416
   0.828 6.767
   0.858 14.288
   0.899 8.566
   0.939 10.444
   0.980 8.494
   1.030 8.460
   1.060 11.348
   1.111 8.424
   1.141 11.289
   1.192 8.462
   1.222 11.249
   1.272 6.768
   1.303 14.418
   1.353 6.826
   1.383 14.254
   1.434 6.775
   1.464 14.058
   1.505 8.468
   1.555 8.431
   1.586 11.382
   1.636 8.405
   1.666 11.220
   1.717 8.401
   1.747 11.284
   1.798 8.403
   1.828 11.352
   1.878 6.769
   1.909 14.455
   1.959 6.888
   1.989 14.357
   2.030 8.517
   2.070 10.520
   2.111 8.535
   2.161 6.823
   2.202 8.495
   2.232 17.162
   2.272 8.617
   2.313 8.421
   2.363 6.704
   2.404 12.466
   2.434 10.889
   2.485 6.749
   2.515 14.353
   2.565 6.862
   2.596 14.062
   2.636 8.493
   2.686 8.417
   2.717 11.323
   2.767 8.426
   2.797 11.354
   2.848 8.422
   2.878 11.247
   2.929 8.341
   2.959 11.219
   3.010 6.747
   3.040 14.321
   3.090 6.728
   3.121 14.420
   3.161 8.571
   3.201 10.517
   3.242 8.494
   3.292 8.460
   3.323 11.357
   3.373 8.461
   3.403 11.271
   3.454 8.442
   3.484 11.385
   3.535 6.788
   3.565 14.420
   3.615 6.767
   3.646 14.256
   3.686 8.542
   3.726 10.492
   3.767 8.468
   3.817 8.420
   3.848 11.321
   3.898 8.386
   3.928 11.317
   3.979 8.463
   4.009 11.252
   4.060 6.769
   4.090 14.387
   4.140 6.829
   4.171 14.275
   4.211 8.417
   4.251 10.515
   4.292 8.495
   4.342 8.420
   4.373 11.318
   4.423 8.445
   4.453 11.188
   4.504 8.405
   4.534 11.349
   4.585 6.829
   4.615 14.354
   4.665 6.809
   4.696 14.289
   4.736 8.493
   4.776 10.493
   4.817 8.519
   4.867 8.485
   4.898 11.253
   4.948 8.400
   4.978 11.280
   5.029 8.420
   5.059 11.288
   5.110 6.809
   5.140 14.383
   5.190 6.801
   5.221 14.322
   5.261 8.419
   5.301 10.496
   5.342 8.516
   5.392 8.421
   5.423 11.241
   5.473 8.422
   5.503 11.253
   5.554 8.462
   5.584 11.351
   5.635 6.788
   5.665 13.989
   5.715 6.830
   5.746 14.417
   5.786 8.568
   5.837 8.425
   5.867 11.283
   5.917 8.443
   5.948 11.322
   5.998 8.426
   6.028 11.255
   6.079 8.461
   6.109 11.286
   6.160 6.749
   6.190 14.319
   6.240 6.828
   6.271 14.320
   6.311 8.542
   6.351 10.542
   6.392 8.494
   6.442 8.390
   6.473 11.315
   6.523 8.445
   6.553 11.253
   6.604 8.342
   6.634 11.318
   6.685 6.751
   6.715 13.969
   6.766 6.791
   6.796 14.420
   6.836 8.471
   6.887 8.324
   6.917 11.316
   6.967 8.459
   6.998 11.339
   7.048 6.891
   7.089 8.596
   7.119 17.002
   7.159 8.619
   7.200 8.468
   7.250 6.749
   7.291 12.552
   7.321 11.257
   7.372 6.727
   7.402 14.013
   7.442 8.433
   7.493 8.382
   7.523 11.285
   7.573 8.468
   7.604 11.288
   7.654 8.443
   7.684 11.219
   7.735 8.460
   7.765 11.354
   7.816 6.790
   7.846 14.287
   7.897 6.806
   7.927 14.023
   7.977 6.775
   8.018 8.294
   8.058 8.215
   8.089 16.829
   8.129 8.519
   8.169 8.468
   8.220 6.729
   8.260 12.504
   8.291 11.252
   8.341 6.771
   8.371 14.120
   8.422 6.786
   8.452 14.354
   8.492 8.568
   8.533 10.520
   8.573 8.493
   8.624 8.461
   8.654 11.318
   8.704 8.427
   8.735 11.319
   8.785 8.479
   8.816 11.252
   8.866 6.750
   8.896 14.386
   8.947 6.805
   8.977 14.351
   9.017 8.517
   9.058 10.470
   9.098 8.492
   9.149 8.402
   9.179 11.384
   9.229 8.413
   9.260 11.286
   9.310 8.422
   9.340 11.282
   9.391 6.730
   9.421 14.341
   9.472 6.787
   9.502 14.090
   9.542 8.541
   9.583 10.545
   9.623 8.518
   9.674 8.381
   9.704 11.317
   9.754 8.470
   9.785 11.321
   9.835 8.396
   9.866 11.288
   9.916 6.752
   9.946 14.281
   9.997 6.788
   10.027 14.120
   10.067 4.283
   10.108 14.782
   10.148 8.542
   10.199 8.444
   10.229 11.283
   10.279 8.448
   10.310 11.318
   10.360 8.421
   10.390 11.257
   10.441 8.415
   10.471 11.288
   10.522 6.730
   10.552 14.356
   10.603 6.783
   10.633 14.256
   10.673 8.470
   10.714 10.523
   10.754 8.594
   10.804 8.441
   10.835 11.292
   10.885 8.442
   10.915 11.349
   10.966 8.499
   10.996 11.351
   11.047 6.789
   11.077 14.252
   11.128 6.785
   11.158 14.288
   11.198 8.460
   11.239 10.498
   11.279 8.517
   11.330 8.378
   11.360 11.314
   11.410 8.462
   11.441 11.307
   11.491 8.418
   11.521 11.358
   11.572 6.829
   11.602 14.319
   11.653 6.746
   11.683 14.353
   11.723 8.542
   11.764 10.448
   11.804 8.445
   11.855 8.378
   11.885 11.284
   11.935 8.360
   11.966 11.352
   12.016 8.458
   12.046 11.288
   12.097 6.770
   12.127 14.451
   12.178 6.866
   12.208 14.351
   12.248 8.543
   12.289 10.548
   12.329 8.493
   12.380 8.468
   12.410 11.288
   12.460 8.443
   12.491 11.222
   12.541 8.419
   12.571 11.321
   12.622 6.749
   12.652 14.355
   12.703 6.825
   12.733 14.318
   12.773 8.518
   12.814 10.498
   12.854 8.494
   12.905 8.402
   12.935 11.249
   12.985 8.440
   13.016 11.317
   13.066 8.402
   13.096 11.219
   13.147 6.788
   13.177 14.453
   13.228 6.826
   13.258 14.322
   13.298 8.444
   13.339 10.545
   13.379 8.519
   13.430 8.454
   13.460 11.219
   13.510 8.409
   13.541 11.253
   13.591 8.440
   13.621 11.321
   13.672 6.789
   13.702 14.418
   13.753 6.807
   13.783 14.355
   13.823 8.518
   13.864 10.470
   13.904 8.470
   13.955 8.479
   13.985 11.284
   14.035 8.379
   14.066 11.315
   14.116 8.420
   14.147 11.215
   14.197 6.726
   14.227 14.086
   14.278 6.806
   14.308 14.257
   14.349 8.517
   14.389 10.464
   14.429 8.468
   14.480 8.420
   14.510 11.352
   14.561 8.505
   14.591 11.357
   14.641 8.420
   14.672 11.384
   14.722 6.769
   14.752 14.386
   14.803 6.827
   14.833 14.354
   14.874 8.515
   14.914 10.473
   14.954 8.468
   15.005 8.421
   15.035 11.217
   15.086 8.425
   15.116 11.256
   15.166 8.457
   15.197 11.419
   15.247 6.790
   15.277 14.317
   15.328 6.825
   15.358 14.322
   15.409 6.802
   15.439 13.985
   15.479 8.546
   15.530 8.383
   15.560 11.218
   15.611 8.362
   15.641 11.289
   15.691 8.361
   15.722 11.247
   15.772 8.422
   15.802 11.414
   15.853 6.769
   15.883 14.416
   15.934 6.846
   15.964 14.420
   16.015 6.772
   16.055 8.373
   16.095 8.231
   16.126 16.965
