# t  x
   0.040 0.000
   0.091 0.000
   0.131 1.040
   0.152 15.216
   0.192 9.955
   0.253 5.432
   0.293 8.346
   0.333 10.491
   0.374 8.693
   0.384 41.975
   0.455 4.923
   0.465 41.642
   0.535 4.788
   0.545 41.432
   0.616 4.741
   0.656 8.295
   0.697 10.006
   0.737 8.319
   0.778 10.251
   0.818 8.291
   0.858 10.149
   0.899 8.491
   0.909 42.868
   0.980 4.981
   0.990 43.822
   1.060 5.062
   1.071 43.272
   1.141 4.954
   1.182 8.791
   1.222 10.697
   1.262 8.491
   1.303 10.384
   1.343 8.418
   1.383 10.152
   1.424 8.271
   1.434 40.411
   1.505 4.697
   1.515 40.550
   1.585 4.730
   1.596 42.646
   1.666 4.839
   1.707 8.667
   1.747 10.897
   1.787 9.010
   1.828 10.945
   1.868 8.665
   1.909 10.695
   1.949 8.636
   1.959 41.988
   2.030 4.839
   2.040 40.752
   2.110 4.673
   2.121 41.020
   2.191 4.698
   2.232 8.271
   2.272 10.053
   2.312 8.367
   2.353 10.449
   2.393 8.542
   2.434 10.720
   2.474 8.741
   2.484 43.384
   2.555 5.009
   2.565 43.882
   2.636 4.927
   2.646 42.343
   2.716 4.868
   2.757 8.633
   2.797 10.485
   2.837 8.318
   2.878 10.244
   2.918 8.307
   2.959 10.110
   2.999 8.273
   3.039 10.194
   3.080 8.367
   3.090 41.119
   3.161 4.956
   3.171 43.624
   3.241 4.939
   3.251 43.328
   3.322 5.010
   3.362 8.843
   3.403 10.720
   3.443 8.664
   3.484 10.550
   3.524 8.443
   3.534 41.107
   3.605 4.825
   3.615 39.719
   3.686 4.673
   3.696 41.143
   3.766 4.717
   3.776 40.748
   3.847 4.756
   3.887 8.667
   3.928 10.713
   3.968 8.765
   4.009 10.939
   4.049 8.865
   4.089 10.646
   4.130 8.813
   4.140 42.967
   4.211 4.868
   4.221 41.741
   4.291 4.816
   4.301 41.147
   4.372 4.685
   4.412 8.343
   4.453 10.104
   4.493 8.243
   4.534 10.124
   4.574 8.467
   4.614 10.420
   4.655 8.495
   4.665 42.770
   4.736 5.097
   4.746 43.728
   4.816 4.957
   4.826 43.005
   4.897 4.925
   4.937 8.717
   4.978 10.575
   5.018 8.565
   5.059 10.213
   5.099 8.270
   5.139 10.220
   5.180 8.247
   5.190 39.818
   5.261 4.712
   5.271 41.345
   5.341 4.858
   5.351 41.811
   5.422 4.984
   5.462 8.839
   5.503 10.897
   5.543 8.886
   5.584 10.844
   5.624 8.712
   5.665 8.527
   5.705 8.397
   5.745 8.638
   5.786 8.543
   5.806 16.666
   5.846 14.196
   5.887 10.178
   5.947 5.449
   5.988 8.246
   6.028 10.177
   6.069 8.269
   6.109 10.452
   6.149 8.766
   6.190 10.671
   6.230 8.767
   6.240 43.650
   6.311 5.052
   6.321 43.010
   6.392 4.928
   6.402 42.614
   6.472 4.827
   6.513 8.520
   6.553 10.401
   6.594 8.316
   6.634 10.180
   6.674 8.238
   6.715 10.324
   6.755 8.173
   6.765 40.522
   6.836 4.812
   6.846 42.524
   6.917 4.954
   6.927 42.924
   6.998 5.067
   7.038 8.937
   7.078 10.720
   7.119 8.787
   7.159 10.600
   7.200 8.566
   7.240 10.545
   7.280 8.419
   7.290 40.546
   7.361 4.698
   7.371 40.748
   7.442 4.673
   7.452 40.451
   7.523 4.783
   7.563 8.412
   7.603 10.585
   7.644 8.542
   7.684 10.797
   7.725 8.931
   7.765 10.821
   7.805 8.813
   7.846 10.722
   7.886 8.741
   7.896 41.939
   7.967 4.878
   7.977 41.827
   8.048 4.740
   8.058 41.246
   8.129 4.698
   8.169 8.223
   8.209 10.079
   8.250 8.289
   8.290 10.475
   8.330 8.321
   8.371 10.522
   8.411 8.842
   8.421 43.143
   8.492 4.993
   8.502 43.422
   8.573 4.996
   8.583 42.799
   8.654 4.924
   8.694 8.669
   8.734 10.376
   8.775 8.368
   8.815 10.400
   8.856 8.292
   8.896 9.980
   8.936 8.196
   8.946 40.830
   9.017 4.699
   9.027 41.004
   9.098 4.869
   9.108 43.190
   9.179 4.939
   9.219 8.867
   9.259 11.070
   9.300 8.835
   9.340 10.673
   9.381 8.766
   9.421 10.548
   9.461 8.568
   9.471 41.238
   9.542 4.727
   9.552 40.933
   9.623 4.645
   9.633 40.895
   9.704 4.669
   9.744 8.221
   9.784 10.302
   9.825 8.491
   9.865 10.648
   9.906 8.617
   9.946 10.769
   9.986 8.914
   9.997 43.169
   10.067 5.010
   10.077 42.816
   10.148 4.898
   10.158 42.412
   10.229 4.854
   10.269 8.444
   10.309 10.153
   10.350 8.268
   10.390 10.224
   10.431 8.295
   10.471 10.030
   10.511 8.496
   10.522 41.383
   10.592 4.869
   10.602 42.717
   10.673 4.999
   10.683 43.624
   10.754 4.953
   10.794 8.891
   10.834 10.846
   10.875 8.615
   10.915 10.572
   10.956 8.594
   10.996 10.276
   11.036 8.441
   11.047 40.663
   11.117 4.684
   11.127 40.059
   11.198 4.687
   11.208 41.642
   11.279 4.641
   11.319 8.422
   11.359 10.772
   11.400 8.888
   11.440 10.794
   11.481 8.766
   11.521 10.871
   11.561 8.791
   11.572 42.547
   11.642 4.943
   11.652 42.120
   11.723 4.798
   11.733 41.436
   11.804 4.812
   11.844 8.223
   11.885 8.142
   11.925 8.272
   11.965 8.418
   12.006 8.197
   12.026 28.522
   12.066 8.471
   12.107 10.714
   12.167 5.730
   12.177 44.067
   12.248 5.013
   12.258 42.911
   12.329 4.965
   12.369 8.644
   12.410 10.671
   12.450 8.492
   12.490 10.399
   12.531 8.369
   12.571 10.098
   12.612 8.393
   12.622 40.348
   12.692 4.642
   12.703 40.312
   12.773 4.814
   12.783 42.334
   12.854 4.809
   12.864 43.100
   12.935 5.051
   12.975 8.892
   13.016 10.810
   13.056 8.832
   13.096 10.748
   13.137 8.615
   13.177 10.522
   13.218 8.516
   13.228 40.905
   13.298 4.698
   13.309 40.929
   13.379 4.712
   13.389 40.253
   13.460 4.655
   13.500 8.468
   13.541 10.423
   13.581 8.540
   13.622 10.771
   13.662 8.887
   13.702 10.719
   13.743 8.763
   13.753 43.564
   13.824 4.938
   13.834 42.330
   13.904 4.901
   13.914 42.334
   13.985 4.752
   14.025 8.420
   14.066 10.227
   14.106 8.196
   14.147 10.149
   14.187 8.297
   14.227 10.147
   14.268 8.269
   14.278 41.597
   14.349 5.010
   14.359 43.422
   14.429 4.973
   14.439 43.723
   14.510 4.982
   14.550 8.861
   14.591 10.674
   14.631 8.668
   14.672 10.500
   14.712 8.495
   14.752 10.348
   14.793 8.195
   14.803 40.391
   14.874 4.726
   14.884 40.756
   14.954 4.658
   14.964 40.558
   15.035 4.841
   15.075 8.663
   15.116 10.575
   15.156 8.938
   15.197 10.941
   15.237 8.890
   15.277 10.620
   15.318 8.790
   15.328 42.782
   15.399 4.814
   15.409 42.042
   15.479 4.802
   15.489 41.222
   15.560 4.615
   15.600 8.394
   15.641 10.250
   15.681 8.169
   15.722 10.253
   15.762 8.518
   15.802 10.416
   15.843 8.518
   15.853 42.803
   15.924 5.067
   15.934 43.319
   16.004 4.986
   16.014 43.504
   16.085 4.897
   16.125 8.741
