# x  t
   0.071 0.009
   0.121 0.997
   0.161 0.981
   0.222 0.903
   0.272 1.061
   0.323 0.835
   0.373 1.097
   0.423 0.866
   0.474 1.101
   0.514 1.140
   0.575 0.892
   0.625 1.110
   0.675 0.870
   0.726 1.095
   0.776 0.912
   0.826 1.081
   0.877 0.853
   0.927 1.098
   0.967 1.140
   1.028 0.887
   1.078 1.138
   1.129 0.850
   1.179 1.101
   1.229 0.861
   1.280 1.134
   1.320 1.124
   1.381 0.915
   1.431 1.110
   1.481 0.869
   1.532 1.107
   1.582 0.861
   1.633 1.141
   1.673 1.069
   1.733 0.899
   1.784 1.005
   1.834 0.994
   1.884 1.061
   1.935 0.900
   1.985 1.107
   2.026 1.100
   2.086 0.788
   2.136 1.005
   2.187 0.948
   2.237 1.061
   2.288 0.940
   2.338 0.959
   2.378 1.086
   2.439 0.887
   2.489 1.239
   2.540 0.914
   2.590 1.180
   2.640 0.624
   2.691 1.072
   2.731 1.178
   2.792 0.918
   2.842 1.087
   2.892 0.968
   2.943 1.118
   2.993 0.824
   3.043 1.106
   3.084 1.065
   3.144 0.894
   3.185 1.133
   3.245 0.910
   3.295 0.979
   3.346 0.968
   3.396 1.115
   3.447 0.864
   3.497 1.104
   3.537 1.140
   3.598 0.894
   3.648 1.022
   3.698 0.935
   3.749 1.149
   3.799 0.830
   3.850 1.132
   3.890 1.098
   3.950 0.901
   4.001 0.963
   4.051 0.988
   4.102 1.104
   4.152 0.861
   4.202 1.096
   4.243 1.114
   4.303 0.920
   4.353 1.090
   4.404 0.858
   4.454 1.115
   4.505 0.883
   4.555 1.126
   4.595 1.111
   4.656 0.790
   4.706 0.974
   4.757 0.923
   4.807 1.033
   4.857 0.881
   4.908 1.075
   4.948 1.133
   5.008 1.030
