# x  t
   0.071 0.002
   0.121 0.654
   0.162 1.374
   0.212 1.071
   0.273 0.585
   0.323 1.050
   0.363 1.108
   0.424 0.885
   0.474 1.064
   0.525 0.881
   0.575 1.061
   0.625 0.897
   0.676 1.067
   0.716 1.108
   0.776 0.882
   0.827 1.064
   0.877 0.889
   0.928 1.072
   0.978 0.897
   1.028 1.067
   1.069 1.115
   1.129 0.880
   1.180 1.061
   1.230 0.889
   1.280 1.064
   1.331 0.892
   1.381 1.067
   1.421 1.118
   1.482 0.880
   1.522 1.119
   1.583 0.885
   1.633 1.070
   1.683 0.889
   1.734 1.067
   1.784 0.889
   1.835 1.062
   1.875 1.104
   1.935 0.889
   1.986 1.066
   2.036 0.892
   2.087 1.061
   2.137 0.891
   2.187 1.067
   2.228 1.112
   2.288 0.882
   2.338 1.064
   2.389 0.892
   2.439 1.059
   2.490 0.889
   2.540 1.067
   2.580 1.122
   2.641 0.887
   2.691 1.067
   2.742 0.889
   2.792 1.064
   2.842 0.886
   2.893 1.064
   2.933 1.115
   2.993 0.885
   3.044 1.073
   3.094 0.889
   3.145 1.059
   3.195 0.889
   3.245 1.064
   3.286 1.119
   3.346 0.884
   3.397 1.070
   3.447 0.889
   3.497 1.061
   3.548 0.889
   3.598 1.058
   3.648 0.895
   3.699 1.067
   3.739 1.108
   3.800 0.882
   3.850 1.061
   3.900 0.889
   3.951 1.058
   4.001 0.895
   4.052 1.058
   4.092 1.122
   4.152 0.894
   4.203 1.064
   4.253 0.889
   4.303 1.064
   4.354 0.898
   4.404 1.070
   4.445 1.115
   4.505 0.885
   4.555 1.064
   4.606 0.898
   4.656 1.064
   4.706 0.895
   4.757 1.056
   4.797 1.119
   4.858 0.882
   4.908 1.056
   4.958 0.884
   5.009 1.073
