# t  x
   0.061 0.000
   0.111 0.742
   0.161 0.813
   0.212 1.052
   0.262 1.070
   0.312 0.889
   0.363 1.066
   0.413 0.923
   0.464 1.081
   0.514 0.906
   0.564 1.076
   0.615 1.070
   0.665 0.886
   0.716 1.059
   0.766 0.886
   0.816 1.061
   0.867 0.878
   0.917 1.042
   0.967 0.881
   1.018 1.050
   1.068 1.036
   1.119 0.875
   1.169 1.064
   1.219 0.884
   1.270 1.052
   1.320 0.919
   1.371 1.092
   1.421 1.081
   1.471 0.900
   1.522 1.084
   1.572 0.917
   1.622 1.059
   1.673 0.889
   1.723 1.073
   1.774 1.058
   1.824 0.875
   1.874 1.058
   1.925 0.878
   1.975 1.044
   2.026 0.866
   2.076 1.042
   2.126 1.061
   2.177 0.875
   2.227 1.047
   2.278 0.889
   2.328 1.080
   2.378 0.923
   2.429 1.073
   2.479 1.081
   2.529 0.917
   2.580 1.074
   2.630 0.884
   2.681 1.078
   2.731 0.897
   2.781 1.056
   2.832 1.047
   2.882 0.886
   2.933 1.053
   2.983 0.869
   3.033 1.042
   3.084 0.889
   3.134 1.045
   3.185 0.875
   3.235 1.053
   3.285 1.078
   3.336 0.900
   3.386 1.067
   3.436 0.915
   3.487 1.101
   3.537 0.903
   3.588 1.073
   3.638 1.070
   3.688 0.901
   3.739 1.056
   3.789 0.881
   3.839 1.062
   3.890 0.884
   3.940 1.042
   3.991 1.047
   4.041 0.869
   4.091 1.047
   4.142 0.864
   4.192 1.059
   4.243 0.900
   4.293 1.053
   4.343 1.073
   4.394 0.912
   4.444 1.095
   4.494 0.906
   4.545 1.073
   4.595 0.909
   4.646 1.087
   4.696 1.061
   4.746 0.875
   4.797 1.070
   4.847 0.887
   4.898 1.050
   4.948 0.883
   4.998 1.047
