# x  t
   0.061 0.112
   0.121 0.860
   0.172 0.704
   0.212 1.101
   0.273 0.896
   0.323 1.056
   0.373 0.889
   0.424 1.061
   0.474 0.892
   0.525 1.056
   0.565 1.108
   0.625 0.880
   0.676 1.061
   0.726 0.889
   0.776 1.061
   0.827 0.895
   0.877 1.073
   0.918 1.115
   0.978 0.887
   1.028 1.070
   1.079 0.892
   1.129 1.063
   1.180 0.888
   1.230 1.070
   1.270 1.111
   1.331 0.882
   1.381 1.070
   1.432 0.895
   1.482 1.061
   1.532 0.891
   1.583 1.061
   1.623 1.115
   1.684 0.882
   1.734 1.067
   1.784 0.898
   1.835 1.059
   1.885 0.881
   1.935 1.064
   1.986 0.895
   2.036 1.062
   2.077 1.112
   2.137 0.885
   2.187 1.067
   2.238 0.895
   2.288 1.056
   2.339 0.892
   2.389 1.059
   2.429 1.119
   2.490 0.903
   2.540 1.067
   2.590 0.892
   2.641 1.064
   2.691 0.883
   2.742 1.065
   2.782 1.112
   2.842 0.892
   2.893 1.070
   2.943 0.889
   2.993 1.061
   3.044 0.886
   3.094 1.062
   3.135 1.115
   3.195 0.882
   3.245 1.067
   3.296 0.888
   3.346 1.061
   3.397 0.886
   3.447 1.064
   3.487 1.115
   3.548 0.891
   3.598 1.064
   3.649 0.889
   3.699 1.067
   3.749 0.886
   3.800 1.056
   3.850 0.889
   3.900 1.070
   3.941 1.115
   4.001 0.889
   4.052 1.061
   4.102 0.887
   4.152 1.059
   4.203 0.895
   4.253 1.062
   4.293 1.118
   4.354 0.892
   4.404 1.064
   4.455 0.892
   4.495 1.555
   4.556 0.886
   4.606 0.694
   4.646 1.098
   4.707 0.882
   4.757 1.061
   4.808 0.889
   4.858 1.059
   4.908 0.889
   4.959 1.061
   4.999 1.115
