# x  t
   0.071 0.007
   0.121 0.929
   0.171 0.886
   0.222 1.050
   0.272 0.884
   0.323 1.064
   0.363 1.111
   0.423 0.901
   0.474 1.053
   0.524 0.886
   0.574 1.059
   0.625 0.889
   0.675 1.070
   0.716 1.111
   0.776 0.889
   0.826 1.064
   0.877 0.897
   0.927 1.067
   0.978 0.883
   1.028 1.073
   1.068 1.108
   1.129 0.889
   1.179 1.070
   1.229 0.889
   1.280 1.061
   1.330 0.889
   1.381 1.064
   1.421 1.108
   1.481 0.887
   1.532 1.067
   1.582 0.884
   1.633 1.064
   1.683 0.886
   1.733 1.073
   1.784 0.889
   1.834 1.064
   1.874 1.104
   1.935 0.892
   1.985 1.059
   2.036 0.889
   2.086 1.067
   2.136 0.884
   2.187 1.073
   2.227 1.108
   2.287 0.889
   2.338 1.064
   2.388 0.886
   2.439 1.064
   2.489 0.886
   2.539 1.073
   2.580 1.108
   2.640 0.887
   2.691 1.064
   2.741 0.895
   2.791 1.064
   2.842 0.887
   2.892 1.067
   2.932 1.104
   2.993 0.889
   3.043 1.053
   3.084 1.316
   3.144 0.728
   3.195 0.883
   3.245 1.064
   3.285 1.108
   3.346 0.889
   3.396 1.067
   3.446 0.886
   3.497 1.064
   3.547 0.883
   3.598 1.064
   3.638 1.111
   3.698 0.889
   3.749 1.064
   3.789 1.330
   3.840 1.052
   3.900 0.575
   3.951 1.059
   3.991 1.100
   4.051 0.889
   4.102 1.064
   4.152 0.892
   4.202 1.067
   4.253 0.883
   4.303 1.064
   4.344 1.112
   4.404 0.891
   4.455 1.067
   4.505 0.881
   4.555 1.067
   4.606 0.886
   4.656 1.067
   4.706 0.886
   4.757 1.073
   4.797 1.112
   4.858 0.885
   4.908 1.062
   4.958 0.886
   5.009 1.070
