# t  x
   0.040 0.000
   0.111 0.098
   0.162 0.761
   0.212 0.720
   0.263 0.954
   0.313 0.847
   0.363 1.015
   0.414 0.855
   0.464 1.070
   0.515 1.109
   0.565 0.923
   0.615 1.095
   0.666 0.932
   0.716 1.118
   0.766 0.915
   0.817 1.076
   0.867 0.920
   0.918 1.056
   0.968 1.036
   1.018 0.878
   1.069 1.047
   1.119 0.878
   1.170 1.008
   1.220 0.869
   1.270 1.053
   1.321 1.011
   1.371 0.852
   1.421 1.059
   1.472 0.920
   1.522 1.087
   1.573 0.903
   1.623 1.118
   1.673 1.124
   1.724 0.909
   1.774 1.095
   1.824 0.912
   1.875 1.062
   1.925 0.892
   1.976 1.045
   2.026 1.053
   2.076 0.872
   2.127 1.022
   2.177 0.861
   2.227 1.033
   2.278 0.858
   2.328 1.022
   2.379 0.884
   2.429 1.059
   2.479 1.059
   2.530 0.898
   2.580 1.115
   2.631 0.954
   2.681 1.095
   2.731 0.923
   2.782 1.101
   2.832 1.089
   2.882 0.881
   2.933 1.055
   2.983 0.908
   3.034 1.036
   3.084 0.875
   3.134 1.047
   3.185 1.033
   3.235 0.852
   3.286 1.002
   3.336 0.867
   3.386 1.067
   3.437 0.878
   3.487 1.042
   3.537 1.078
   3.588 0.929
   3.638 1.115
   3.689 0.920
   3.739 1.112
   3.789 0.931
   3.840 1.065
   3.890 1.070
   3.941 0.894
   3.991 1.047
   4.041 0.872
   4.092 1.035
   4.142 0.877
   4.193 1.036
   4.243 1.027
   4.293 0.858
   4.344 1.039
   4.394 0.846
   4.445 1.030
   4.495 0.923
   4.545 1.096
   4.596 1.090
   4.646 0.915
   4.696 1.132
   4.747 0.946
   4.797 1.081
   4.848 0.915
   4.898 1.070
   4.948 0.895
   4.999 1.050
