# x  t
   0.071 0.002
   0.121 0.302
   0.172 1.067
   0.222 0.909
   0.273 1.061
   0.323 0.886
   0.374 1.058
   0.414 1.118
   0.474 0.887
   0.525 1.067
   0.575 0.892
   0.625 1.067
   0.676 0.889
   0.726 1.061
   0.777 0.887
   0.827 1.056
   0.867 1.115
   0.928 0.889
   0.978 1.070
   1.028 0.892
   1.079 1.047
   1.129 0.884
   1.180 1.056
   1.220 1.122
   1.280 0.906
   1.331 1.073
   1.381 0.889
   1.432 1.061
   1.482 0.892
   1.532 1.070
   1.573 1.119
   1.633 0.880
   1.683 1.064
   1.734 0.898
   1.784 1.067
   1.835 0.889
   1.885 1.065
   1.925 1.111
   1.986 0.885
   2.036 1.067
   2.086 0.895
   2.137 1.059
   2.187 0.889
   2.238 1.062
   2.278 1.118
   2.338 0.892
   2.379 1.112
   2.439 0.882
   2.489 1.062
   2.540 0.886
   2.590 1.062
   2.641 0.895
   2.691 1.064
   2.731 1.115
   2.792 0.887
   2.842 1.061
   2.893 0.892
   2.943 1.064
   2.993 0.892
   3.044 1.059
   3.084 1.119
   3.145 0.885
   3.195 1.070
   3.245 0.891
   3.296 1.056
   3.346 0.895
   3.396 1.067
   3.437 1.118
   3.497 0.885
   3.548 1.061
   3.598 0.892
   3.648 1.059
   3.699 0.895
   3.749 1.059
   3.789 1.108
   3.850 0.878
   3.900 1.070
   3.951 0.891
   4.001 1.070
   4.051 0.894
   4.102 1.055
   4.142 1.110
   4.203 0.885
   4.253 1.070
   4.303 0.889
   4.354 1.059
   4.404 0.897
   4.455 1.064
   4.495 1.108
   4.555 0.880
   4.606 1.064
   4.656 0.892
   4.707 1.070
   4.757 0.889
   4.807 1.067
   4.858 0.895
   4.908 1.064
   4.948 1.112
   5.009 0.892
