# t  x
   0.061 0.000
   0.111 0.229
   0.162 0.622
   0.212 0.804
   0.263 1.011
   0.313 1.036
   0.363 0.875
   0.414 1.061
   0.464 0.886
   0.514 1.044
   0.565 0.886
   0.615 1.047
   0.666 1.025
   0.716 0.855
   0.766 1.039
   0.817 0.864
   0.867 1.025
   0.918 0.861
   0.968 1.056
   1.018 1.067
   1.069 0.900
   1.119 1.070
   1.170 0.932
   1.220 1.107
   1.270 0.926
   1.321 1.098
   1.371 1.104
   1.421 0.898
   1.472 1.047
   1.522 0.894
   1.573 1.056
   1.623 0.884
   1.673 1.030
   1.724 1.024
   1.774 0.864
   1.825 1.011
   1.875 0.852
   1.925 1.053
   1.976 0.881
   2.026 1.042
   2.077 0.895
   2.127 1.115
   2.177 1.118
   2.228 0.914
   2.278 1.092
   2.328 0.945
   2.379 1.087
   2.429 0.906
   2.480 1.073
   2.530 1.059
   2.580 0.883
   2.631 1.041
   2.681 0.881
   2.731 1.039
   2.782 0.853
   2.832 1.019
   2.883 1.036
   2.933 0.870
   2.983 1.039
   3.034 0.875
   3.084 1.064
   3.135 0.923
   3.185 1.098
   3.235 1.101
   3.286 0.940
   3.336 1.092
   3.386 0.909
   3.437 1.078
   3.487 0.915
   3.538 1.056
   3.588 1.036
   3.638 0.875
   3.689 1.047
   3.739 0.855
   3.790 1.033
   3.840 0.875
   3.890 1.031
   3.941 0.847
   3.991 1.022
   4.041 1.081
   4.092 0.903
   4.142 1.067
   4.193 0.934
   4.243 1.132
   4.293 0.937
   4.344 1.095
   4.394 1.095
   4.444 0.917
   4.485 1.108
   4.545 1.170
   4.596 0.698
   4.646 0.872
   4.697 1.030
   4.747 1.011
   4.797 0.864
   4.848 1.033
   4.898 0.850
   4.949 1.022
   4.999 0.878
