# x  t
   0.061 0.107
   0.121 0.794
   0.172 0.668
   0.222 0.858
   0.273 1.050
   0.313 1.097
   0.373 0.875
   0.424 1.067
   0.474 0.886
   0.525 1.059
   0.575 0.892
   0.625 1.070
   0.666 1.115
   0.726 0.880
   0.776 1.064
   0.827 0.892
   0.877 1.067
   0.928 0.886
   0.978 1.062
   1.028 0.889
   1.079 1.065
   1.119 1.115
   1.179 0.887
   1.230 1.067
   1.280 0.891
   1.331 1.058
   1.381 0.892
   1.431 1.061
   1.472 1.119
   1.532 0.882
   1.583 1.064
   1.633 0.892
   1.683 1.061
   1.734 0.892
   1.784 1.059
   1.824 1.115
   1.885 0.885
   1.935 1.067
   1.986 0.889
   2.036 1.073
   2.086 0.889
   2.137 1.062
   2.177 1.115
   2.238 0.889
   2.288 1.064
   2.338 0.895
   2.389 1.056
   2.439 0.886
   2.489 1.067
   2.530 1.122
   2.590 0.889
   2.641 1.059
   2.691 0.884
   2.741 1.067
   2.792 0.886
   2.842 1.064
   2.893 0.895
   2.943 1.067
   2.983 1.108
   3.044 0.882
   3.094 1.070
   3.144 0.891
   3.195 1.059
   3.245 0.888
   3.296 1.061
   3.336 1.111
   3.396 0.885
   3.447 1.053
   3.497 0.883
   3.548 1.067
   3.598 0.890
   3.648 1.067
   3.689 1.119
   3.749 0.885
   3.799 1.061
   3.850 0.895
   3.900 1.067
   3.951 0.898
   4.001 1.067
   4.041 1.114
   4.102 0.887
   4.152 1.075
   4.203 0.889
   4.253 1.067
   4.303 0.889
   4.354 1.053
   4.394 1.107
   4.455 0.885
   4.495 1.112
   4.555 0.887
   4.606 1.070
   4.656 0.892
   4.706 1.067
   4.757 0.884
   4.807 1.062
   4.847 1.115
   4.908 0.885
   4.958 1.067
   5.009 0.895
