# x  t
   0.061 0.126
   0.121 0.920
   0.172 0.724
   0.212 1.104
   0.263 1.238
   0.313 1.040
   0.374 0.577
   0.424 1.050
   0.475 0.894
   0.525 1.064
   0.576 1.069
   0.626 0.891
   0.677 1.057
   0.727 0.890
   0.778 1.062
   0.818 1.114
   0.878 0.879
   0.929 1.061
   0.979 0.891
   1.030 1.066
   1.080 0.882
   1.131 1.054
   1.171 1.114
   1.231 0.886
   1.282 1.069
   1.332 0.894
   1.383 1.061
   1.433 0.880
   1.484 1.070
   1.524 1.121
   1.584 0.887
   1.635 1.068
   1.685 0.891
   1.736 1.058
   1.786 0.892
   1.836 1.073
   1.877 1.111
   1.937 0.880
   1.988 1.064
   2.038 0.889
   2.088 1.058
   2.139 0.893
   2.189 1.062
   2.230 1.111
   2.290 0.887
   2.340 1.072
   2.391 0.892
   2.441 1.056
   2.492 0.889
   2.542 1.064
   2.582 1.111
   2.643 0.884
   2.683 1.119
   2.744 0.884
   2.794 1.053
   2.844 0.886
   2.895 1.072
   2.945 0.895
   2.995 1.062
   3.036 1.108
   3.096 0.883
   3.147 1.066
   3.197 0.895
   3.247 1.070
   3.298 0.889
   3.348 1.067
   3.388 1.115
   3.449 0.885
   3.499 1.070
   3.550 0.889
   3.600 1.059
   3.650 0.895
   3.701 1.064
   3.741 1.118
   3.802 0.885
   3.852 1.067
   3.902 0.889
   3.953 1.061
   4.003 0.889
   4.054 1.067
   4.094 1.112
   4.154 0.880
   4.205 1.064
   4.255 0.897
   4.305 1.067
   4.356 0.886
   4.406 1.061
   4.447 1.108
   4.507 0.885
   4.557 1.073
   4.608 0.887
   4.658 1.059
   4.709 0.889
   4.759 1.064
   4.799 1.111
   4.860 0.885
   4.900 1.119
   4.960 0.894
   5.011 1.067
