# t  x
   0.060 0.000
   0.111 0.697
   0.161 0.816
   0.212 1.036
   0.262 0.889
   0.312 1.039
   0.363 0.864
   0.413 1.064
   0.464 1.053
   0.514 0.872
   0.564 1.036
   0.615 0.872
   0.665 1.036
   0.715 0.861
   0.766 1.045
   0.816 1.064
   0.867 0.870
   0.917 1.061
   0.967 0.906
   1.018 1.101
   1.068 0.920
   1.119 1.078
   1.169 1.084
   1.219 0.915
   1.270 1.077
   1.320 0.892
   1.371 1.064
   1.421 0.886
   1.471 1.056
   1.522 1.044
   1.572 0.881
   1.622 1.045
   1.673 0.852
   1.723 1.039
   1.774 0.881
   1.824 1.045
   1.874 0.883
   1.925 1.053
   1.975 1.087
   2.025 0.901
   2.076 1.092
   2.126 0.929
   2.177 1.096
   2.227 0.901
   2.277 1.076
   2.328 1.073
   2.378 0.901
   2.429 1.053
   2.479 0.881
   2.529 1.053
   2.580 0.886
   2.630 1.039
   2.680 1.047
   2.731 0.867
   2.781 1.044
   2.832 0.858
   2.882 1.050
   2.932 0.909
   2.983 1.079
   3.023 1.555
   3.084 0.752
   3.134 0.911
   3.184 0.906
   3.235 1.066
   3.285 0.900
   3.336 1.073
   3.386 1.058
   3.436 0.878
   3.487 1.064
   3.537 0.878
   3.588 1.036
   3.638 0.872
   3.688 1.050
   3.739 1.036
   3.779 0.855
   3.840 1.168
   3.890 0.677
   3.940 1.067
   3.991 0.889
   4.041 1.081
   4.092 1.095
   4.142 0.909
   4.192 1.090
   4.243 0.914
   4.293 1.084
   4.344 0.896
   4.394 1.064
   4.444 1.064
   4.495 0.881
   4.545 1.059
   4.596 0.869
   4.646 1.047
   4.696 0.867
   4.747 1.036
   4.797 0.872
   4.847 1.047
   4.898 1.047
   4.948 0.881
   4.999 1.067
