# t  x
   0.040 0.000
   0.111 0.084
   0.162 0.610
   0.212 0.866
   0.262 0.813
   0.313 1.028
   0.363 1.098
   0.413 0.920
   0.464 1.085
   0.514 0.912
   0.565 1.104
   0.615 0.914
   0.665 1.047
   0.716 1.050
   0.766 0.884
   0.817 1.041
   0.867 0.880
   0.917 1.030
   0.968 0.872
   1.018 1.011
   1.069 1.036
   1.119 0.871
   1.169 1.047
   1.220 0.866
   1.270 1.061
   1.321 0.923
   1.371 1.121
   1.421 1.100
   1.472 0.926
   1.522 1.118
   1.573 0.911
   1.623 1.061
   1.673 0.914
   1.724 1.070
   1.774 0.878
   1.824 1.033
   1.875 1.042
   1.925 0.884
   1.976 1.013
   2.026 0.855
   2.076 1.033
   2.127 0.872
   2.177 1.019
   2.227 1.056
   2.278 0.898
   2.328 1.098
   2.379 0.912
   2.429 1.109
   2.479 0.960
   2.530 1.104
   2.580 1.075
   2.631 0.895
   2.681 1.084
   2.731 0.892
   2.782 1.033
   2.832 0.887
   2.882 1.045
   2.933 1.033
   2.983 0.851
   3.034 1.041
   3.084 0.858
   3.134 1.013
   3.185 0.869
   3.235 1.069
   3.286 1.070
   3.336 0.900
   3.386 1.094
   3.437 0.959
   3.487 1.106
   3.538 0.923
   3.588 1.081
   3.638 1.098
   3.689 0.886
   3.739 1.050
   3.790 0.895
   3.840 1.047
   3.890 0.878
   3.941 1.028
   3.991 1.012
   4.042 0.861
   4.092 1.022
   4.142 0.855
   4.193 1.058
   4.243 0.889
   4.294 1.045
   4.344 0.917
   4.394 1.121
   4.445 1.117
   4.495 0.915
   4.546 1.097
   4.596 0.945
   4.646 1.070
   4.697 0.895
   4.747 1.056
   4.797 1.070
   4.848 0.878
   4.898 1.028
   4.949 0.883
   4.999 1.042
