# x  t
   0.071 0.005
   0.121 0.446
   0.172 1.011
   0.212 1.083
   0.272 0.875
   0.323 1.058
   0.373 0.881
   0.424 1.050
   0.474 0.889
   0.524 1.064
   0.565 1.115
   0.625 0.889
   0.675 1.070
   0.726 0.888
   0.776 1.059
   0.827 0.886
   0.877 1.064
   0.917 1.115
   0.978 0.885
   1.028 1.056
   1.079 0.889
   1.129 1.067
   1.179 0.898
   1.230 1.060
   1.271 1.117
   1.331 0.878
   1.382 1.059
   1.432 0.889
   1.483 1.056
   1.533 0.892
   1.583 1.062
   1.624 1.118
   1.684 0.891
   1.734 1.070
   1.785 0.884
   1.835 1.056
   1.886 0.883
   1.936 1.064
   1.976 1.111
   2.037 0.887
   2.087 1.070
   2.138 0.895
   2.188 1.070
   2.238 0.900
   2.289 1.064
   2.329 1.110
   2.389 0.882
   2.440 1.067
   2.490 0.886
   2.541 1.062
   2.591 0.889
   2.641 1.059
   2.682 1.111
   2.742 0.892
   2.782 1.119
   2.843 0.892
   2.893 1.059
   2.944 0.884
   2.994 1.064
   3.044 0.895
   3.095 1.070
   3.135 1.119
   3.195 0.878
   3.246 1.062
   3.296 0.889
   3.347 1.070
   3.397 0.888
   3.447 1.053
   3.488 1.101
   3.548 0.882
   3.599 1.064
   3.649 0.892
   3.699 1.070
   3.750 0.884
   3.800 1.067
   3.840 1.119
   3.901 0.887
   3.951 1.070
   4.002 0.889
   4.052 1.066
   4.102 0.897
   4.153 1.067
   4.193 1.115
   4.254 0.882
   4.304 1.067
   4.354 0.889
   4.405 1.067
   4.455 0.889
   4.506 1.062
   4.546 1.108
   4.606 0.882
   4.647 1.122
   4.697 1.257
   4.748 1.031
   4.808 0.578
   4.858 1.042
   4.909 0.887
   4.959 1.056
   4.999 1.115
