# x  t
   0.071 0.008
   0.121 0.694
   0.171 1.050
   0.212 1.086
   0.272 0.880
   0.323 1.059
   0.373 0.883
   0.423 1.059
   0.474 0.889
   0.524 1.059
   0.564 1.115
   0.625 0.885
   0.675 1.070
   0.726 0.889
   0.776 1.061
   0.826 0.889
   0.877 1.070
   0.917 1.104
   0.978 0.889
   1.028 1.061
   1.078 0.889
   1.129 1.064
   1.179 0.886
   1.230 1.064
   1.270 1.112
   1.330 0.887
   1.381 1.073
   1.431 0.889
   1.481 1.064
   1.532 0.883
   1.582 1.064
   1.633 0.886
   1.683 1.067
   1.723 1.108
   1.784 0.889
   1.834 1.064
   1.884 0.889
   1.935 1.067
   1.985 0.892
   2.036 1.067
   2.076 1.112
   2.136 0.903
   2.187 1.061
   2.237 0.886
   2.288 1.067
   2.338 0.884
   2.388 1.064
   2.429 1.107
   2.489 0.889
   2.540 1.066
   2.590 0.886
   2.640 1.064
   2.691 0.886
   2.741 1.073
   2.781 1.104
   2.842 0.889
   2.892 1.064
   2.943 0.889
   2.993 1.064
   3.043 0.890
   3.094 1.067
   3.134 1.111
   3.195 0.880
   3.245 1.064
   3.295 0.889
   3.346 1.067
   3.396 0.886
   3.447 1.061
   3.497 0.885
   3.547 1.066
   3.598 1.064
   3.648 0.886
   3.699 1.064
   3.749 0.892
   3.799 1.070
   3.850 0.889
   3.900 1.070
   3.940 1.108
   4.001 0.892
   4.051 1.064
   4.102 0.897
   4.152 1.064
   4.202 0.886
   4.253 1.062
   4.293 1.107
   4.354 0.887
   4.404 1.070
   4.454 0.889
   4.505 1.061
   4.555 0.884
   4.605 1.070
   4.646 1.105
   4.706 0.892
   4.757 1.070
   4.807 0.889
   4.857 1.062
   4.908 0.889
   4.958 1.067
   4.998 1.101
