# t  x
   0.061 0.000
   0.111 0.660
   0.162 0.723
   0.212 0.785
   0.262 0.957
   0.313 0.813
   0.363 0.971
   0.414 0.991
   0.464 0.855
   0.514 0.999
   0.565 0.830
   0.615 1.019
   0.666 0.878
   0.716 1.065
   0.766 1.064
   0.817 0.915
   0.867 1.132
   0.917 0.932
   0.968 1.090
   1.018 0.943
   1.069 1.101
   1.119 0.903
   1.169 1.059
   1.220 1.059
   1.270 0.886
   1.321 1.033
   1.371 0.855
   1.421 1.022
   1.472 0.847
   1.522 1.013
   1.572 1.033
   1.623 0.867
   1.673 1.027
   1.724 0.883
   1.774 1.076
   1.824 0.954
   1.875 1.115
   1.925 1.118
   1.976 0.940
   2.026 1.104
   2.076 0.914
   2.127 1.084
   2.177 0.914
   2.227 1.064
   2.278 1.039
   2.328 0.878
   2.379 1.039
   2.429 0.847
   2.479 0.999
   2.530 0.852
   2.580 1.031
   2.631 1.019
   2.681 0.858
   2.731 1.059
   2.782 0.909
   2.832 1.081
   2.882 0.932
   2.933 1.135
   2.983 0.954
   3.034 1.093
   3.084 1.078
   3.134 0.920
   3.185 1.076
   3.235 0.888
   3.286 1.041
   3.336 0.881
   3.386 1.036
   3.437 1.022
   3.487 0.852
   3.538 1.025
   3.588 0.844
   3.638 0.997
   3.689 0.881
   3.739 1.093
   3.789 1.081
   3.840 0.898
   3.890 1.120
   3.941 0.963
   3.991 1.115
   4.041 0.923
   4.092 1.101
   4.142 1.075
   4.192 0.886
   4.243 1.064
   4.293 0.889
   4.344 1.036
   4.394 0.849
   4.444 1.019
   4.495 0.858
   4.545 1.011
   4.596 1.014
   4.646 0.861
   4.696 1.036
   4.747 0.884
   4.797 1.079
   4.847 0.929
   4.898 1.124
   4.948 1.101
   4.999 0.932
