# x  t
   0.071 0.002
   0.121 0.293
   0.172 0.869
   0.222 1.087
   0.262 1.133
   0.323 0.892
   0.373 1.064
   0.424 0.889
   0.474 1.061
   0.524 0.892
   0.575 1.064
   0.615 1.111
   0.676 0.887
   0.726 1.067
   0.776 0.886
   0.827 1.061
   0.877 0.883
   0.927 1.053
   0.968 1.118
   1.028 0.892
   1.079 1.078
   1.129 0.894
   1.179 1.053
   1.230 0.886
   1.280 1.056
   1.321 1.115
   1.381 0.889
   1.431 1.075
   1.482 0.895
   1.532 1.064
   1.583 0.892
   1.633 1.070
   1.673 1.111
   1.734 0.885
   1.774 1.108
   1.835 0.885
   1.885 1.070
   1.935 0.892
   1.986 1.053
   2.036 0.892
   2.086 1.056
   2.127 1.126
   2.187 0.892
   2.238 1.064
   2.288 0.883
   2.338 1.067
   2.389 0.895
   2.439 1.061
   2.479 1.119
   2.540 0.882
   2.590 1.059
   2.641 0.889
   2.691 1.070
   2.741 0.897
   2.792 1.056
   2.832 1.108
   2.893 0.868
   2.943 1.063
   2.993 0.894
   3.044 1.073
   3.094 0.889
   3.145 1.067
   3.185 1.115
   3.245 0.884
   3.296 1.070
   3.346 0.894
   3.397 1.060
   3.447 0.892
   3.497 1.067
   3.538 1.118
   3.598 0.882
   3.649 1.064
   3.699 0.892
   3.749 1.067
   3.800 0.892
   3.850 1.055
   3.890 1.108
   3.951 0.882
   4.001 1.066
   4.052 0.900
   4.102 1.073
   4.152 0.883
   4.203 1.047
   4.243 1.118
   4.304 0.885
   4.344 1.108
   4.404 0.892
   4.455 1.069
   4.505 0.894
   4.556 1.059
   4.606 0.889
   4.656 1.064
   4.697 1.115
   4.757 0.884
   4.808 1.064
   4.858 0.892
   4.908 1.059
   4.959 0.892
   5.009 1.067
