# t  x
   0.061 0.000
   0.111 0.497
   0.161 0.937
   0.212 0.807
   0.262 0.980
   0.312 0.994
   0.363 0.830
   0.413 1.013
   0.464 0.858
   0.514 1.048
   0.564 0.886
   0.615 1.056
   0.665 1.084
   0.716 0.912
   0.766 1.095
   0.816 0.917
   0.867 1.090
   0.917 0.917
   0.967 1.076
   1.018 1.061
   1.068 0.889
   1.119 1.058
   1.169 0.872
   1.219 1.052
   1.270 0.872
   1.320 1.028
   1.371 1.025
   1.421 0.855
   1.471 1.047
   1.522 0.867
   1.572 1.056
   1.623 0.912
   1.673 1.090
   1.723 0.906
   1.774 1.101
   1.824 1.104
   1.874 0.920
   1.925 1.078
   1.975 0.909
   2.026 1.079
   2.076 0.903
   2.126 1.050
   2.177 1.053
   2.227 0.866
   2.277 1.041
   2.328 0.867
   2.378 1.033
   2.429 0.875
   2.479 1.025
   2.529 1.029
   2.580 0.881
   2.630 1.081
   2.681 0.906
   2.731 1.078
   2.781 0.926
   2.832 1.110
   2.882 1.090
   2.932 0.903
   2.983 1.084
   3.033 0.891
   3.084 1.058
   3.134 0.894
   3.184 1.062
   3.235 1.041
   3.285 0.850
   3.336 1.050
   3.386 0.869
   3.436 1.025
   3.487 0.866
   3.537 1.041
   3.588 1.056
   3.638 0.884
   3.689 1.087
   3.739 0.929
   3.789 1.095
   3.840 0.915
   3.890 1.098
   3.940 0.926
   3.991 1.087
   4.041 1.064
   4.092 0.886
   4.142 1.064
   4.192 0.886
   4.243 1.042
   4.293 0.866
   4.343 1.036
   4.394 1.019
   4.444 0.855
   4.495 1.047
   4.545 0.878
   4.595 1.039
   4.646 0.886
   4.696 1.095
   4.747 1.101
   4.797 0.909
   4.847 1.092
   4.898 0.923
   4.948 1.090
   4.998 0.906
