# t  x
   0.061 0.000
   0.111 0.439
   0.162 0.589
   0.212 1.265
   0.262 0.663
   0.313 1.064
   0.363 0.914
   0.414 1.053
   0.464 1.064
   0.514 0.912
   0.565 1.070
   0.615 0.878
   0.666 1.024
   0.716 0.889
   0.766 1.033
   0.817 1.013
   0.867 0.858
   0.917 1.030
   0.968 0.838
   1.018 1.008
   1.069 0.875
   1.119 1.087
   1.169 1.087
   1.220 0.892
   1.270 1.104
   1.321 0.960
   1.371 1.120
   1.421 0.931
   1.472 1.084
   1.522 0.917
   1.573 1.059
   1.623 1.050
   1.673 0.895
   1.724 1.030
   1.774 0.852
   1.824 1.016
   1.875 0.867
   1.925 1.025
   1.976 1.004
   2.026 0.852
   2.076 1.053
   2.127 0.903
   2.177 1.081
   2.228 0.920
   2.278 1.121
   2.328 1.112
   2.379 0.929
   2.429 1.115
   2.480 0.940
   2.530 1.062
   2.580 0.900
   2.631 1.070
   2.681 1.056
   2.731 0.870
   2.782 1.024
   2.832 0.852
   2.883 1.011
   2.933 0.844
   2.983 1.028
   3.034 1.050
   3.084 0.853
   3.135 1.030
   3.185 0.903
   3.235 1.107
   3.286 0.951
   3.336 1.107
   3.386 1.123
   3.437 0.931
   3.487 1.087
   3.538 0.906
   3.588 1.067
   3.638 0.900
   3.689 1.039
   3.739 0.878
   3.789 1.053
   3.840 1.016
   3.890 0.841
   3.941 1.007
   3.991 0.869
   4.041 1.027
   4.092 0.852
   4.142 1.050
   4.193 1.098
   4.243 0.915
   4.293 1.095
   4.344 0.957
   4.394 1.138
   4.444 0.940
   4.495 1.078
   4.545 1.087
   4.596 0.901
   4.646 1.061
   4.696 0.881
   4.747 1.045
   4.797 0.864
   4.847 1.017
   4.898 1.010
   4.948 0.850
   4.999 1.013
