# t  x
   0.061 0.000
   0.111 0.954
   0.162 0.633
   0.212 0.838
   0.253 1.047
   0.313 1.160
   0.364 0.718
   0.414 1.052
   0.465 0.911
   0.515 1.103
   0.566 1.109
   0.616 0.900
   0.666 1.071
   0.717 0.911
   0.767 1.062
   0.818 0.888
   0.868 1.055
   0.919 1.052
   0.969 0.871
   1.020 1.026
   1.070 0.882
   1.121 1.032
   1.171 0.860
   1.221 1.038
   1.272 1.053
   1.322 0.888
   1.373 1.080
   1.423 0.894
   1.473 1.098
   1.524 0.936
   1.574 1.095
   1.625 1.078
   1.675 0.907
   1.726 1.084
   1.776 0.886
   1.826 1.050
   1.877 0.903
   1.927 1.047
   1.977 1.030
   2.028 0.867
   2.078 1.041
   2.129 0.868
   2.179 1.019
   2.229 0.875
   2.280 1.062
   2.330 1.041
   2.381 0.881
   2.431 1.106
   2.481 0.923
   2.532 1.095
   2.582 0.920
   2.633 1.115
   2.683 0.915
   2.733 1.061
   2.784 1.062
   2.834 0.901
   2.885 1.044
   2.935 0.898
   2.985 1.039
   3.036 0.878
   3.086 1.033
   3.137 1.025
   3.187 0.869
   3.237 1.053
   3.288 0.867
   3.338 1.044
   3.388 0.895
   3.439 1.107
   3.489 1.081
   3.540 0.917
   3.590 1.104
   3.640 0.929
   3.691 1.067
   3.741 0.900
   3.792 1.064
   3.842 1.067
   3.892 0.872
   3.943 1.050
   3.993 0.895
   4.043 1.019
   4.094 0.861
   4.144 1.050
   4.195 1.039
   4.245 0.867
   4.295 1.030
   4.346 0.900
   4.396 1.092
   4.447 0.889
   4.497 1.087
   4.547 1.118
   4.598 0.923
   4.648 1.084
   4.698 0.912
   4.749 1.084
   4.799 0.906
   4.850 1.042
   4.900 0.886
   4.950 1.065
   5.001 1.045
