# t  x
   0.061 0.000
   0.111 0.296
   0.161 0.850
   0.212 0.762
   0.262 0.923
   0.313 0.960
   0.363 0.824
   0.413 0.982
   0.464 0.821
   0.514 0.971
   0.565 0.835
   0.615 0.999
   0.665 0.980
   0.716 0.827
   0.766 1.052
   0.817 0.900
   0.867 1.073
   0.917 0.920
   0.968 1.130
   1.018 1.140
   1.068 0.937
   1.119 1.121
   1.169 0.937
   1.220 1.057
   1.271 0.887
   1.321 1.066
   1.372 1.052
   1.422 0.852
   1.472 0.999
   1.523 0.858
   1.573 1.014
   1.624 0.827
   1.674 1.002
   1.724 1.030
   1.775 0.878
   1.825 1.064
   1.875 0.903
   1.926 1.115
   1.976 0.967
   2.027 1.110
   2.077 1.118
   2.127 0.960
   2.178 1.120
   2.228 0.906
   2.279 1.064
   2.329 0.897
   2.379 1.050
   2.430 1.025
   2.480 0.847
   2.531 1.016
   2.581 0.838
   2.631 0.988
   2.682 0.864
   2.732 1.028
   2.782 0.855
   2.833 1.028
   2.883 1.104
   2.934 0.949
   2.984 1.118
   3.034 0.951
   3.085 1.132
   3.135 0.940
   3.185 1.093
   3.236 1.104
   3.286 0.903
   3.337 1.047
   3.387 0.877
   3.437 1.042
   3.488 0.861
   3.538 1.016
   3.588 0.994
   3.639 0.855
   3.689 1.016
   3.740 0.836
   3.790 1.022
   3.840 0.906
   3.891 1.090
   3.941 1.095
   3.992 0.929
   4.042 1.153
   4.092 0.957
   4.143 1.090
   4.193 0.923
   4.244 1.104
   4.294 1.073
   4.344 0.878
   4.395 1.044
   4.445 0.866
   4.495 1.005
   4.546 0.852
   4.596 1.028
   4.647 0.841
   4.687 1.012
   4.748 1.124
   4.798 0.702
   4.848 1.064
   4.899 0.892
   4.949 1.084
   4.999 0.954
