# x  t
   0.061 0.006
   0.111 0.059
   0.171 0.148
   0.222 0.370
   0.272 0.457
   0.323 0.706
   0.373 0.717
   0.423 0.986
   0.464 1.098
   0.524 0.927
   0.574 1.169
   0.625 1.002
   0.675 1.095
   0.726 0.996
   0.776 1.200
   0.816 1.252
   0.877 0.988
   0.927 1.158
   0.977 0.946
   1.028 1.115
   1.078 0.911
   1.129 1.064
   1.169 1.077
   1.229 0.845
   1.280 1.022
   1.330 0.870
   1.380 1.005
   1.431 0.843
   1.481 0.994
   1.532 0.853
   1.582 1.025
   1.622 1.098
   1.683 0.868
   1.723 1.498
   1.784 0.865
   1.834 0.702
   1.885 0.884
   1.935 1.045
   1.975 1.101
   2.036 0.894
   2.086 1.090
   2.136 0.886
   2.187 1.070
   2.237 0.892
   2.288 1.056
   2.328 1.161
   2.388 0.889
   2.439 1.097
   2.489 0.906
   2.539 1.050
   2.590 0.891
   2.640 1.090
   2.681 1.140
   2.741 0.878
   2.791 1.031
   2.842 0.920
   2.892 1.115
   2.943 0.928
   2.993 1.062
   3.033 1.080
   3.094 0.845
   3.144 1.030
   3.194 0.870
   3.245 1.084
   3.295 0.898
   3.346 1.033
   3.396 0.867
   3.446 1.053
   3.487 1.115
   3.547 0.892
   3.597 1.093
   3.648 0.904
   3.698 1.088
   3.748 0.915
   3.799 1.071
   3.839 1.133
   3.899 0.908
   3.950 1.076
   4.000 0.915
   4.051 1.073
   4.101 0.886
   4.151 1.051
   4.192 1.080
   4.252 0.861
   4.302 1.065
   4.353 0.909
   4.403 1.053
   4.454 0.895
   4.504 1.090
   4.554 0.884
   4.605 1.056
   4.645 1.115
   4.705 0.856
   4.756 1.062
   4.806 0.895
   4.856 1.064
   4.907 0.872
   4.957 1.031
   4.998 1.126
