# x  t
   0.071 0.000
   0.111 0.064
   0.162 0.127
   0.222 0.160
   0.272 0.486
   0.313 0.752
   0.373 0.739
   0.424 1.008
   0.474 0.923
   0.524 1.112
   0.575 0.971
   0.625 1.220
   0.665 1.267
   0.726 1.014
   0.776 1.209
   0.827 1.008
   0.877 1.186
   0.927 0.957
   0.978 1.141
   1.028 0.909
   1.078 1.078
   1.119 1.107
   1.179 0.852
   1.230 1.002
   1.280 0.836
   1.330 1.019
   1.381 0.856
   1.431 1.000
   1.471 1.094
   1.532 0.887
   1.582 1.067
   1.633 0.878
   1.683 1.087
   1.733 0.875
   1.784 1.065
   1.824 1.101
   1.884 0.901
   1.935 1.079
   1.985 0.920
   2.036 1.104
   2.086 0.898
   2.136 1.090
   2.177 1.144
   2.237 0.913
   2.287 1.095
   2.338 0.929
   2.388 1.126
   2.439 0.895
   2.489 1.025
   2.529 1.119
   2.590 0.887
   2.630 1.133
   2.690 0.875
   2.741 1.011
   2.791 0.856
   2.842 1.050
   2.892 0.884
   2.942 1.064
   2.983 1.094
   3.043 0.868
   3.093 1.077
   3.144 0.906
   3.194 1.064
   3.245 0.895
   3.295 1.076
   3.335 1.136
   3.396 0.882
   3.446 1.022
   3.496 0.867
   3.547 1.056
   3.597 0.881
   3.648 1.053
   3.688 1.140
   3.748 0.925
   3.799 1.090
   3.849 0.878
   3.899 1.075
   3.950 0.878
   4.000 1.098
   4.040 1.126
   4.101 0.868
   4.151 1.033
   4.202 0.853
   4.252 1.070
   4.302 0.881
   4.353 1.081
   4.393 1.119
   4.454 0.890
   4.494 1.098
   4.554 0.894
   4.605 1.076
   4.655 0.881
   4.705 1.084
   4.756 0.887
   4.806 1.042
   4.846 1.070
   4.907 0.861
   4.957 1.048
   5.008 0.892
