# t  x
   0.061 0.000
   0.111 0.073
   0.161 0.412
   0.212 0.822
   0.262 0.861
   0.312 1.144
   0.363 1.011
   0.413 1.254
   0.464 1.039
   0.514 1.177
   0.564 0.966
   0.615 1.107
   0.665 1.062
   0.715 0.864
   0.766 1.016
   0.816 0.855
   0.867 1.019
   0.917 0.850
   0.967 1.042
   1.018 1.078
   1.068 0.898
   1.118 1.070
   1.169 0.901
   1.219 1.084
   1.270 0.918
   1.320 1.090
   1.370 1.104
   1.421 0.904
   1.471 1.098
   1.521 0.920
   1.572 1.053
   1.622 0.867
   1.673 1.034
   1.723 1.055
   1.773 0.866
   1.824 1.067
   1.874 0.883
   1.925 1.033
   1.975 0.878
   2.025 1.064
   2.076 0.943
   2.126 1.076
   2.176 1.109
   2.227 0.929
   2.277 1.053
   2.328 0.892
   2.378 1.068
   2.428 0.917
   2.479 1.045
   2.529 1.053
   2.579 0.853
   2.630 1.008
   2.680 0.836
   2.731 1.016
   2.781 0.895
   2.831 1.076
   2.882 1.095
   2.932 0.884
   2.982 1.067
   3.033 0.906
   3.083 1.064
   3.134 0.895
   3.184 1.079
   3.234 1.090
   3.285 0.889
   3.335 1.050
   3.385 0.878
   3.436 1.031
   3.486 0.915
   3.537 1.087
   3.587 0.923
   3.637 1.042
   3.688 1.053
   3.738 0.906
   3.788 1.072
   3.839 0.906
   3.889 1.068
   3.940 0.903
   3.990 1.070
   4.040 1.056
   4.091 0.858
   4.141 1.087
   4.191 0.900
   4.242 1.051
   4.292 0.903
   4.343 1.070
   4.393 1.076
   4.443 0.918
   4.494 1.094
   4.544 0.909
   4.594 1.016
   4.645 0.872
   4.695 1.042
   4.746 1.050
   4.796 0.872
   4.846 1.073
   4.897 0.906
   4.947 1.084
   4.997 0.926
