# t  x
   0.060 0.000
   0.111 0.056
   0.161 0.237
   0.212 0.554
   0.262 0.677
   0.313 0.974
   0.363 1.104
   0.413 0.960
   0.464 1.169
   0.514 1.016
   0.564 1.225
   0.615 1.002
   0.665 1.197
   0.716 1.189
   0.766 0.994
   0.816 1.150
   0.867 0.954
   0.917 1.098
   0.967 0.923
   1.018 1.050
   1.068 1.039
   1.119 0.836
   1.169 1.014
   1.219 0.875
   1.270 1.000
   1.320 0.833
   1.370 1.031
   1.421 0.870
   1.471 1.025
   1.522 1.050
   1.572 0.892
   1.622 1.072
   1.673 0.918
   1.723 1.025
   1.773 0.884
   1.824 1.087
   1.874 1.076
   1.925 0.878
   1.975 1.038
   2.025 0.875
   2.076 1.008
   2.126 0.844
   2.176 1.000
   2.227 1.014
   2.277 0.855
   2.328 1.058
   2.378 0.895
   2.428 1.059
   2.479 0.912
   2.529 1.076
   2.579 0.923
   2.630 1.093
   2.680 1.104
   2.731 0.906
   2.781 1.089
   2.831 0.906
   2.882 1.048
   2.932 0.864
   2.982 1.047
   3.033 1.031
   3.083 0.889
   3.134 1.045
   3.184 0.892
   3.234 1.087
   3.285 0.912
   3.335 1.076
   3.385 1.093
   3.436 0.881
   3.486 1.078
   3.537 0.906
   3.587 1.056
   3.637 0.918
   3.688 1.107
   3.738 1.073
   3.788 0.872
   3.839 1.070
   3.889 0.886
   3.940 1.022
   3.990 0.867
   4.040 1.025
   4.091 1.045
   4.141 0.887
   4.191 1.033
   4.242 0.881
   4.292 1.073
   4.343 0.918
   4.393 1.104
   4.443 0.951
   4.494 1.101
   4.544 1.093
   4.594 0.934
   4.645 1.101
   4.695 0.926
   4.746 1.082
   4.796 0.912
   4.846 1.069
   4.897 1.067
   4.947 0.864
   4.997 1.030
