# x  t
   0.071 0.008
   0.121 0.099
   0.171 0.181
   0.222 0.373
   0.272 0.426
   0.323 0.601
   0.363 0.734
   0.423 0.663
   0.474 0.900
   0.524 0.830
   0.574 1.050
   0.625 0.903
   0.675 1.118
   0.716 1.204
   0.776 0.939
   0.826 1.152
   0.877 0.962
   0.927 1.140
   0.978 0.949
   1.028 1.161
   1.068 1.168
   1.129 0.927
   1.179 1.084
   1.229 0.881
   1.280 1.076
   1.330 0.900
   1.381 1.050
   1.421 1.068
   1.481 0.875
   1.532 1.019
   1.582 0.858
   1.632 1.042
   1.683 0.861
   1.733 1.036
   1.774 1.073
   1.834 0.838
   1.884 1.022
   1.935 0.884
   1.985 1.073
   2.035 0.875
   2.086 1.053
   2.136 0.898
   2.187 1.082
   2.227 1.108
   2.287 0.894
   2.338 1.064
   2.388 0.901
   2.438 1.090
   2.489 0.886
   2.539 1.067
   2.579 1.140
   2.640 0.892
   2.690 1.112
   2.741 0.912
   2.791 1.050
   2.841 0.909
   2.892 1.059
   2.932 1.098
   2.993 0.885
   3.043 1.056
   3.093 0.863
   3.144 1.050
   3.194 0.875
   3.244 1.051
   3.285 1.076
   3.345 0.875
   3.396 1.067
   3.446 0.904
   3.496 1.064
   3.547 0.867
   3.597 1.073
   3.647 0.901
   3.698 1.076
   3.738 1.136
   3.799 0.913
   3.849 1.053
   3.899 0.858
   3.950 1.064
   4.000 0.884
   4.050 1.064
   4.091 1.129
   4.151 0.906
   4.201 1.042
   4.252 0.887
   4.302 1.079
   4.353 0.878
   4.403 1.056
   4.443 1.136
   4.504 0.868
   4.554 1.059
   4.604 0.887
   4.655 1.067
   4.705 0.892
   4.756 1.033
   4.806 0.901
   4.856 1.082
   4.897 1.126
   4.957 0.889
   5.007 1.090
