# t  x
   0.061 0.000
   0.111 0.034
   0.161 0.141
   0.212 0.296
   0.262 0.548
   0.312 0.661
   0.363 1.014
   0.413 0.946
   0.464 1.177
   0.514 1.209
   0.564 1.028
   0.615 1.234
   0.665 1.041
   0.715 1.242
   0.766 1.047
   0.816 1.194
   0.867 1.185
   0.917 0.983
   0.968 1.135
   1.018 0.909
   1.068 1.055
   1.119 0.867
   1.169 1.031
   1.219 1.005
   1.270 0.827
   1.320 1.011
   1.371 0.839
   1.421 1.028
   1.471 0.889
   1.522 1.034
   1.572 0.875
   1.622 1.022
   1.673 1.056
   1.723 0.904
   1.774 1.070
   1.824 0.909
   1.874 1.075
   1.925 0.932
   1.975 1.110
   2.025 1.113
   2.076 0.918
   2.126 1.073
   2.177 0.912
   2.227 1.073
   2.277 0.887
   2.328 1.062
   2.378 1.065
   2.428 0.867
   2.479 1.019
   2.529 0.872
   2.580 1.039
   2.630 0.889
   2.680 1.053
   2.731 0.892
   2.781 1.014
   2.831 1.047
   2.882 0.898
   2.932 1.067
   2.982 0.923
   3.033 1.087
   3.083 0.918
   3.134 1.090
   3.184 1.079
   3.234 0.887
   3.285 1.045
   3.335 0.864
   3.385 1.014
   3.436 0.875
   3.486 1.039
   3.537 1.065
   3.587 0.898
   3.637 1.035
   3.688 0.877
   3.738 1.042
   3.788 0.872
   3.839 1.073
   3.889 1.101
   3.940 0.923
   3.990 1.127
   4.040 0.940
   4.091 1.115
   4.141 0.971
   4.191 1.104
   4.242 0.906
   4.292 1.073
   4.343 1.028
   4.393 0.861
   4.443 1.025
   4.494 0.895
   4.544 1.031
   4.594 0.873
   4.645 1.022
   4.695 1.030
   4.746 0.881
   4.796 1.081
   4.846 0.898
   4.897 1.045
   4.947 0.909
   4.997 1.059
