# x  t
   0.061 0.000
   0.111 0.096
   0.171 0.153
   0.222 0.353
   0.272 0.658
   0.323 0.669
   0.373 0.901
   0.413 1.041
   0.474 0.901
   0.524 1.175
   0.574 1.014
   0.625 1.242
   0.675 1.038
   0.726 1.217
   0.766 1.249
   0.827 0.958
   0.877 1.157
   0.927 0.943
   0.978 1.096
   1.028 0.874
   1.078 1.025
   1.119 1.013
   1.179 0.807
   1.230 0.991
   1.280 0.836
   1.330 1.028
   1.381 0.833
   1.431 0.994
   1.481 0.853
   1.532 1.036
   1.572 1.122
   1.633 0.915
   1.683 1.101
   1.733 0.904
   1.784 1.079
   1.834 0.900
   1.884 1.073
   1.925 1.137
   1.985 0.894
   2.036 1.062
   2.086 0.889
   2.136 1.087
   2.187 0.906
   2.237 1.073
   2.277 1.133
   2.338 0.894
   2.388 1.033
   2.438 0.875
   2.489 1.062
   2.539 0.889
   2.590 1.056
   2.630 1.108
   2.690 0.861
   2.731 1.115
   2.791 0.873
   2.841 1.073
   2.892 0.906
   2.942 1.047
   2.993 0.878
   3.043 1.056
   3.083 1.101
   3.144 0.894
   3.194 1.079
   3.244 0.881
   3.295 1.042
   3.345 0.867
   3.396 1.059
   3.436 1.094
   3.496 0.859
   3.547 1.039
   3.597 0.901
   3.647 1.041
   3.698 0.875
   3.748 1.073
   3.788 1.098
   3.849 0.890
   3.899 1.062
   3.950 0.901
   4.000 1.093
   4.050 0.903
   4.101 1.084
   4.141 1.132
   4.202 0.887
   4.242 1.080
   4.302 0.913
   4.353 1.084
   4.403 0.912
   4.453 1.045
   4.504 0.875
   4.554 1.045
   4.594 1.112
   4.655 0.889
   4.705 1.095
   4.756 0.898
   4.806 1.056
   4.856 0.881
   4.907 1.056
   4.947 1.105
   5.008 0.885
