# t  x
   0.061 0.000
   0.111 0.048
   0.161 0.130
   0.212 0.271
   0.262 0.339
   0.312 0.587
   0.363 0.627
   0.413 0.827
   0.464 0.884
   0.514 0.765
   0.564 0.985
   0.615 0.900
   0.665 1.138
   0.716 1.005
   0.766 1.166
   0.816 1.191
   0.867 1.005
   0.917 1.193
   0.967 1.036
   1.018 1.259
   1.068 1.002
   1.119 1.178
   1.169 1.183
   1.219 0.943
   1.270 1.109
   1.320 0.886
   1.370 1.070
   1.421 0.891
   1.471 1.076
   1.522 1.101
   1.572 0.912
   1.622 1.092
   1.673 0.931
   1.723 1.068
   1.774 0.900
   1.824 1.070
   1.874 1.110
   1.925 0.898
   1.975 1.050
   2.025 0.889
   2.076 1.090
   2.126 0.923
   2.176 1.042
   2.227 0.881
   2.277 1.053
   2.328 1.076
   2.378 0.892
   2.428 1.061
   2.479 0.884
   2.529 1.075
   2.579 0.926
   2.630 1.062
   2.680 1.062
   2.731 0.881
   2.781 1.084
   2.831 0.951
   2.882 1.081
   2.932 0.937
   2.982 1.067
   3.033 1.056
   3.083 0.872
   3.134 1.050
   3.184 0.833
   3.234 1.005
   3.285 0.864
   3.335 1.033
   3.385 1.031
   3.436 0.850
   3.486 1.031
   3.537 0.875
   3.587 1.053
   3.637 0.884
   3.688 1.062
   3.738 0.903
   3.788 1.053
   3.839 1.048
   3.889 0.867
   3.940 1.022
   3.990 0.870
   4.040 1.047
   4.091 0.870
   4.141 1.033
   4.191 1.019
   4.242 0.858
   4.292 1.031
   4.342 0.870
   4.393 1.048
   4.443 0.898
   4.494 1.062
   4.544 1.101
   4.594 0.872
   4.645 1.076
   4.695 0.923
   4.745 1.064
   4.796 0.906
   4.846 1.076
   4.897 0.954
   4.947 1.127
   4.997 1.124
