# t  x
   0.061 0.000
   0.111 0.000
   0.162 0.135
   0.212 0.172
   0.262 0.443
   0.313 0.559
   0.363 0.870
   0.413 1.033
   0.464 1.000
   0.514 1.298
   0.565 1.166
   0.615 1.409
   0.665 1.180
   0.716 1.384
   0.766 1.364
   0.816 1.090
   0.867 1.259
   0.917 1.030
   0.968 1.152
   1.018 0.912
   1.068 1.022
   1.119 0.832
   1.169 0.954
   1.220 0.948
   1.270 0.802
   1.320 0.946
   1.371 0.805
   1.421 0.932
   1.471 0.819
   1.522 1.003
   1.572 0.994
   1.622 0.836
   1.673 1.019
   1.723 0.824
   1.774 1.005
   1.824 0.844
   1.874 1.014
   1.925 1.008
   1.975 0.856
   2.025 1.047
   2.076 0.875
   2.126 1.031
   2.177 0.892
   2.227 1.073
   2.277 1.084
   2.328 0.895
   2.378 1.078
   2.428 0.900
   2.479 1.093
   2.529 0.920
   2.580 1.084
   2.630 0.937
   2.680 1.053
   2.731 1.039
   2.781 0.864
   2.831 1.016
   2.882 0.870
   2.932 1.022
   2.983 0.912
   3.033 1.087
   3.083 1.081
   3.134 0.897
   3.184 1.098
   3.234 0.940
   3.285 1.093
   3.335 0.918
   3.386 1.078
   3.436 1.084
   3.486 0.898
   3.537 1.064
   3.587 0.886
   3.637 1.047
   3.688 0.906
   3.738 1.051
   3.789 1.042
   3.839 0.881
   3.889 1.039
   3.940 0.861
   3.990 1.033
   4.040 0.889
   4.091 1.056
   4.141 1.059
   4.192 0.920
   4.242 1.155
   4.292 0.914
   4.343 1.138
   4.393 0.971
   4.443 1.099
   4.494 0.901
   4.544 1.067
   4.595 1.098
   4.645 0.912
   4.695 1.067
   4.746 0.873
   4.796 1.042
   4.846 0.875
   4.897 1.014
   4.947 1.011
   4.997 0.875
