# x  t
   0.071 0.005
   0.121 0.124
   0.172 0.248
   0.222 0.545
   0.262 0.780
   0.323 0.732
   0.373 0.963
   0.423 0.853
   0.474 1.050
   0.524 0.906
   0.574 1.132
   0.615 1.193
   0.675 0.958
   0.726 1.124
   0.776 0.940
   0.826 1.108
   0.877 0.934
   0.927 1.079
   0.968 1.108
   1.028 0.880
   1.078 1.064
   1.129 0.884
   1.179 1.062
   1.229 0.903
   1.280 1.070
   1.330 0.856
   1.381 1.070
   1.421 1.091
   1.481 0.887
   1.532 1.098
   1.582 0.903
   1.632 1.073
   1.683 0.934
   1.733 1.084
   1.773 1.112
   1.834 0.897
   1.884 1.078
   1.935 0.906
   1.985 1.061
   2.035 0.889
   2.086 1.034
   2.126 1.087
   2.187 0.871
   2.237 1.059
   2.287 0.886
   2.338 1.062
   2.388 0.895
   2.438 1.070
   2.479 1.119
   2.539 0.906
   2.580 1.129
   2.640 0.887
   2.690 1.070
   2.741 0.895
   2.791 1.064
   2.841 0.878
   2.892 1.062
   2.932 1.080
   2.993 0.885
   3.043 1.022
   3.093 0.878
   3.144 1.062
   3.194 0.892
   3.244 1.093
   3.285 1.108
   3.345 0.901
   3.396 1.087
   3.446 0.881
   3.496 1.078
   3.547 0.900
   3.597 1.042
   3.637 1.108
   3.698 0.871
   3.748 1.084
   3.799 0.892
   3.849 1.050
   3.899 0.891
   3.950 1.084
   3.990 1.112
   4.050 0.859
   4.101 1.042
   4.151 0.881
   4.202 1.064
   4.252 0.881
   4.302 1.047
   4.353 0.889
   4.403 1.059
   4.443 1.119
   4.504 0.913
   4.554 1.081
   4.605 0.935
   4.655 1.098
   4.705 0.897
   4.756 1.051
   4.796 1.101
   4.856 0.889
   4.907 1.081
   4.957 0.863
   5.008 1.059
