# t  x
   0.061 0.000
   0.111 0.079
   0.161 0.113
   0.212 0.254
   0.262 0.347
   0.312 0.613
   0.363 0.655
   0.413 0.901
   0.464 0.841
   0.514 1.051
   0.564 1.124
   0.615 0.889
   0.665 1.115
   0.715 1.064
   0.766 1.231
   0.816 1.025
   0.867 1.209
   0.917 1.225
   0.967 1.000
   1.018 1.211
   1.068 0.974
   1.119 1.165
   1.169 0.954
   1.219 1.099
   1.270 1.096
   1.320 0.872
   1.370 1.000
   1.421 0.829
   1.471 0.994
   1.522 0.881
   1.572 1.008
   1.622 0.856
   1.673 1.002
   1.713 1.036
   1.774 1.001
   1.824 0.884
   1.874 0.884
   1.925 1.062
   1.975 0.963
   2.026 1.172
   2.076 1.101
   2.126 0.898
   2.177 1.067
   2.227 0.929
   2.277 1.079
   2.328 0.923
   2.378 1.045
   2.429 1.033
   2.479 0.858
   2.529 1.013
   2.580 0.838
   2.630 1.041
   2.680 0.909
   2.731 1.070
   2.781 1.059
   2.832 0.892
   2.882 1.024
   2.932 0.864
   2.983 1.061
   3.033 0.926
   3.084 1.056
   3.134 1.070
   3.184 0.886
   3.235 1.045
   3.285 0.875
   3.335 1.031
   3.386 0.881
   3.436 1.036
   3.487 0.869
   3.537 1.009
   3.587 1.023
   3.638 0.896
   3.688 1.096
   3.738 0.924
   3.789 1.079
   3.839 0.940
   3.889 1.121
   3.940 1.130
   3.990 0.926
   4.040 1.084
   4.091 0.912
   4.141 1.090
   4.192 0.918
   4.242 1.101
   4.292 1.081
   4.343 0.878
   4.393 1.087
   4.443 0.890
   4.494 1.019
   4.544 0.878
   4.595 1.048
   4.645 0.926
   4.695 1.036
   4.746 1.034
   4.796 0.864
   4.846 1.067
   4.897 0.923
   4.947 1.098
   4.997 0.968
