# x  t
   0.071 0.006
   0.121 0.223
   0.161 0.261
   0.222 0.351
   0.272 0.638
   0.323 0.717
   0.373 1.042
   0.423 0.999
   0.474 1.213
   0.514 1.312
   0.575 1.012
   0.625 1.239
   0.675 1.010
   0.726 1.186
   0.776 0.942
   0.826 1.107
   0.867 1.129
   0.927 0.892
   0.978 1.028
   1.028 0.833
   1.078 0.999
   1.129 0.836
   1.179 1.014
   1.219 1.086
   1.280 0.859
   1.320 1.126
   1.381 0.868
   1.431 1.031
   1.481 0.881
   1.532 1.110
   1.582 0.932
   1.632 1.118
   1.673 1.161
   1.733 0.904
   1.784 1.076
   1.834 0.901
   1.884 1.090
   1.935 0.909
   1.985 1.053
   2.025 1.091
   2.086 0.870
   2.136 1.062
   2.187 0.940
   2.237 1.126
   2.287 0.889
   2.338 1.053
   2.378 1.083
   2.438 0.854
   2.489 1.028
   2.539 0.897
   2.590 1.084
   2.640 0.875
   2.690 1.051
   2.731 1.108
   2.791 0.882
   2.841 1.084
   2.892 0.895
   2.942 1.064
   2.993 0.892
   3.043 1.070
   3.093 0.887
   3.144 1.067
   3.184 1.154
   3.244 0.908
   3.295 1.076
   3.345 0.875
   3.396 1.056
   3.446 0.869
   3.496 1.039
   3.537 1.091
   3.597 0.889
   3.647 1.076
   3.698 0.881
   3.748 1.067
   3.799 0.920
   3.849 1.067
   3.889 1.108
   3.950 0.892
   4.000 1.042
   4.050 0.901
   4.101 1.064
   4.151 0.889
   4.202 1.045
   4.242 1.101
   4.302 0.882
   4.343 1.119
   4.403 0.896
   4.453 1.058
   4.504 0.872
   4.554 1.064
   4.605 0.878
   4.655 1.028
   4.695 1.119
   4.756 0.918
   4.806 1.098
   4.856 0.894
   4.907 1.079
   4.957 0.917
   5.008 1.082
