# t  x
   0.061 0.000
   0.111 0.040
   0.161 0.240
   0.212 0.335
   0.262 0.451
   0.313 0.689
   0.363 0.652
   0.413 0.926
   0.464 0.839
   0.514 1.073
   0.565 0.946
   0.615 1.166
   0.665 0.991
   0.716 1.195
   0.766 1.251
   0.816 1.019
   0.867 1.203
   0.917 1.033
   0.968 1.172
   1.018 0.973
   1.068 1.132
   1.119 1.110
   1.169 0.918
   1.219 1.081
   1.270 0.886
   1.320 1.064
   1.371 0.909
   1.421 1.059
   1.471 1.045
   1.522 0.889
   1.572 1.045
   1.622 0.901
   1.673 1.042
   1.723 0.867
   1.774 1.028
   1.824 0.884
   1.874 1.036
   1.925 1.033
   1.975 0.878
   2.025 1.075
   2.076 0.940
   2.126 1.109
   2.177 0.926
   2.227 1.104
   2.277 1.121
   2.328 0.909
   2.378 1.106
   2.428 0.949
   2.479 1.098
   2.529 0.867
   2.580 1.028
   2.630 1.036
   2.680 0.872
   2.731 1.050
   2.781 0.867
   2.831 1.019
   2.882 0.844
   2.932 1.003
   2.983 1.034
   3.033 0.849
   3.083 0.994
   3.134 0.867
   3.184 1.019
   3.235 0.878
   3.285 1.067
   3.335 1.095
   3.386 0.912
   3.436 1.112
   3.486 0.906
   3.537 1.110
   3.587 0.926
   3.637 1.104
   3.688 0.962
   3.738 1.093
   3.789 1.101
   3.839 0.917
   3.889 1.096
   3.940 0.915
   3.990 1.053
   4.041 0.878
   4.091 1.045
   4.141 1.042
   4.192 0.873
   4.242 1.033
   4.292 0.878
   4.343 1.016
   4.393 0.875
   4.444 1.082
   4.494 1.081
   4.544 0.906
   4.595 1.090
   4.645 0.909
   4.695 1.093
   4.746 0.949
   4.796 1.118
   4.846 0.974
   4.897 1.079
   4.947 1.079
   4.998 0.887
