# x  t
   0.061 0.003
   0.121 0.075
   0.172 0.161
   0.222 0.358
   0.272 0.455
   0.323 0.706
   0.373 0.666
   0.424 0.895
   0.474 0.802
   0.524 1.005
   0.575 0.878
   0.625 1.093
   0.665 1.147
   0.726 0.939
   0.776 1.141
   0.827 0.932
   0.877 1.107
   0.927 0.943
   0.978 1.130
   1.018 1.160
   1.078 0.929
   1.129 1.064
   1.179 0.858
   1.230 1.036
   1.280 0.878
   1.330 1.079
   1.371 1.094
   1.431 0.873
   1.481 1.019
   1.532 0.870
   1.582 0.997
   1.633 0.850
   1.683 1.005
   1.723 1.083
   1.784 0.826
   1.824 1.059
   1.884 0.857
   1.935 1.056
   1.985 0.864
   2.036 1.070
   2.086 0.897
   2.136 1.107
   2.177 1.182
   2.237 0.941
   2.287 1.107
   2.338 0.949
   2.388 1.095
   2.439 0.895
   2.489 1.124
   2.529 1.147
   2.590 0.889
   2.640 1.042
   2.690 0.861
   2.741 1.033
   2.791 0.844
   2.842 1.042
   2.882 1.069
   2.942 0.854
   2.993 1.034
   3.043 0.872
   3.093 1.039
   3.144 0.875
   3.194 1.055
   3.235 1.114
   3.295 0.891
   3.345 1.107
   3.396 0.918
   3.446 1.095
   3.496 0.932
   3.547 1.110
   3.597 0.906
   3.648 1.079
   3.688 1.107
   3.748 0.882
   3.799 1.059
   3.849 0.875
   3.899 1.073
   3.950 0.900
   4.000 1.082
   4.041 1.108
   4.101 0.875
   4.151 1.022
   4.202 0.875
   4.252 1.022
   4.303 0.886
   4.353 1.084
   4.393 1.098
   4.454 0.894
   4.504 1.078
   4.554 0.920
   4.605 1.113
   4.655 0.909
   4.705 1.076
   4.746 1.087
   4.806 0.852
   4.847 1.126
   4.907 0.873
   4.957 1.073
   5.008 0.867
