# t  x
   0.061 0.000
   0.111 0.034
   0.162 0.251
   0.212 0.516
   0.262 0.703
   0.313 0.999
   0.363 0.963
   0.414 1.180
   0.464 1.228
   0.514 1.008
   0.565 1.228
   0.615 1.019
   0.666 1.154
   0.716 0.968
   0.766 1.157
   0.817 1.121
   0.867 0.903
   0.917 1.107
   0.968 0.875
   1.018 1.027
   1.069 0.889
   1.119 1.073
   1.169 0.875
   1.220 1.045
   1.270 1.033
   1.320 0.844
   1.371 1.025
   1.421 0.867
   1.472 1.025
   1.522 0.850
   1.572 0.974
   1.623 1.045
   1.673 0.869
   1.723 1.090
   1.774 0.943
   1.824 1.155
   1.875 0.977
   1.925 1.104
   1.975 1.098
   2.026 0.906
   2.076 1.098
   2.127 0.949
   2.177 1.073
   2.227 0.858
   2.278 0.971
   2.328 0.960
   2.378 0.813
   2.429 1.008
   2.479 0.830
   2.530 0.988
   2.580 0.886
   2.630 1.062
   2.681 0.904
   2.731 1.062
   2.781 1.084
   2.832 0.932
   2.882 1.115
   2.933 0.940
   2.983 1.086
   3.033 0.923
   3.084 1.070
   3.134 1.092
   3.184 0.895
   3.235 1.070
   3.285 0.886
   3.336 1.053
   3.386 0.889
   3.436 1.042
   3.487 1.048
   3.537 0.886
   3.587 1.056
   3.638 0.872
   3.688 1.045
   3.739 0.878
   3.789 1.045
   3.839 0.909
   3.890 1.087
   3.940 1.087
   3.990 0.898
   4.041 1.098
   4.091 0.921
   4.142 1.053
   4.192 0.917
   4.242 1.073
   4.293 1.084
   4.343 0.932
   4.393 1.112
   4.444 0.918
   4.494 1.056
   4.545 0.878
   4.595 1.019
   4.645 1.039
   4.696 0.858
   4.746 1.027
   4.797 0.866
   4.847 1.056
   4.898 0.885
   4.948 1.061
   4.999 1.103
