# x  t
   0.071 0.000
   0.121 0.082
   0.162 0.272
   0.222 0.369
   0.273 0.612
   0.323 0.915
   0.363 1.108
   0.424 0.930
   0.474 1.146
   0.524 0.954
   0.575 1.165
   0.625 0.974
   0.676 1.132
   0.716 1.153
   0.776 0.905
   0.827 1.076
   0.877 0.861
   0.928 1.073
   0.978 0.832
   1.028 1.025
   1.079 0.855
   1.129 1.036
   1.169 1.070
   1.230 0.889
   1.280 1.073
   1.331 0.864
   1.381 1.056
   1.431 0.858
   1.482 1.045
   1.522 1.157
   1.582 0.866
   1.633 1.070
   1.683 0.881
   1.734 1.059
   1.784 0.881
   1.834 1.084
   1.875 1.189
   1.935 0.953
   1.986 1.098
   2.036 0.923
   2.086 1.118
   2.137 0.898
   2.187 1.045
   2.227 1.133
   2.288 0.868
   2.338 1.028
   2.389 0.844
   2.439 1.030
   2.489 0.864
   2.540 1.028
   2.590 0.881
   2.640 1.073
   2.681 1.126
   2.741 0.910
   2.792 1.065
   2.842 0.878
   2.892 1.073
   2.943 0.923
   2.993 1.075
   3.033 1.112
   3.094 0.878
   3.144 1.073
   3.195 0.909
   3.245 1.061
   3.295 0.869
   3.346 1.048
   3.386 1.104
   3.446 0.887
   3.497 1.048
   3.547 0.872
   3.598 1.093
   3.648 0.886
   3.698 1.014
   3.739 1.090
   3.799 0.885
   3.839 1.119
   3.900 0.901
   3.950 1.087
   4.001 0.898
   4.051 1.078
   4.101 0.904
   4.152 1.059
   4.192 1.115
   4.252 0.922
   4.303 1.118
   4.353 0.903
   4.404 1.076
   4.454 0.906
   4.504 1.079
   4.545 1.136
   4.605 0.871
   4.655 0.994
   4.706 0.833
   4.756 1.010
   4.807 0.866
   4.857 1.058
   4.898 1.103
   4.958 0.870
   5.009 1.058
