# x  t
   0.061 0.014
   0.111 0.330
   0.171 0.327
   0.222 0.779
   0.272 0.824
   0.323 1.166
   0.373 1.059
   0.423 1.299
   0.474 1.047
   0.524 1.192
   0.564 1.190
   0.625 0.911
   0.675 1.064
   0.726 0.869
   0.776 1.011
   0.826 0.818
   0.877 1.011
   0.917 1.066
   0.977 0.842
   1.028 1.053
   1.078 0.903
   1.129 1.036
   1.179 0.898
   1.229 1.079
   1.270 1.115
   1.330 0.878
   1.380 1.090
   1.431 0.889
   1.481 1.064
   1.532 0.900
   1.582 1.061
   1.622 1.108
   1.683 0.887
   1.733 1.063
   1.784 0.895
   1.834 1.045
   1.884 0.875
   1.935 1.050
   1.985 0.866
   2.035 1.044
   2.076 1.165
   2.136 0.908
   2.187 1.093
   2.237 0.915
   2.287 1.079
   2.338 0.884
   2.388 1.036
   2.428 1.097
   2.489 0.871
   2.539 1.056
   2.590 0.861
   2.640 1.059
   2.690 0.867
   2.741 1.055
   2.781 1.154
   2.841 0.899
   2.892 1.090
   2.942 0.881
   2.993 1.078
   3.043 0.911
   3.093 1.070
   3.134 1.119
   3.194 0.871
   3.244 1.053
   3.295 0.864
   3.345 1.031
   3.396 0.878
   3.446 1.050
   3.496 0.909
   3.547 1.059
   3.587 1.108
   3.647 0.899
   3.698 1.079
   3.748 0.901
   3.799 1.053
   3.849 0.887
   3.899 1.053
   3.940 1.101
   4.000 0.894
   4.050 1.087
   4.101 0.841
   4.151 1.062
   4.202 0.897
   4.252 1.090
   4.292 1.157
   4.353 0.906
   4.403 1.048
   4.453 0.880
   4.504 1.056
   4.554 0.917
   4.605 1.073
   4.645 1.122
   4.705 0.875
   4.756 1.030
   4.806 0.838
   4.856 1.073
   4.907 0.873
   4.957 1.079
   5.008 0.903
