# t  x
   0.061 0.000
   0.111 0.042
   0.161 0.152
   0.212 0.398
   0.262 0.717
   0.312 0.816
   0.363 1.146
   0.413 1.053
   0.464 1.300
   0.514 1.168
   0.564 1.344
   0.615 1.352
   0.665 1.084
   0.716 1.264
   0.766 0.996
   0.816 1.149
   0.867 0.957
   0.917 1.079
   0.967 1.025
   1.018 0.805
   1.068 0.968
   1.119 0.802
   1.169 0.997
   1.219 0.858
   1.270 0.969
   1.320 0.836
   1.370 0.963
   1.421 1.008
   1.471 0.847
   1.522 1.025
   1.572 0.884
   1.622 1.053
   1.673 0.881
   1.723 1.034
   1.773 1.045
   1.824 0.827
   1.874 1.008
   1.925 0.839
   1.975 1.014
   2.025 0.915
   2.076 1.106
   2.126 1.096
   2.176 0.898
   2.227 1.064
   2.277 0.923
   2.328 1.107
   2.378 0.889
   2.428 1.048
   2.479 1.073
   2.529 0.867
   2.579 1.058
   2.630 0.875
   2.680 1.014
   2.731 0.870
   2.781 1.039
   2.831 1.031
   2.882 0.844
   2.932 1.073
   2.982 0.929
   3.033 1.115
   3.083 0.920
   3.134 1.093
   3.184 0.957
   3.234 1.113
   3.285 1.112
   3.335 0.926
   3.385 1.081
   3.436 0.898
   3.486 1.096
   3.537 0.943
   3.587 1.076
   3.637 1.036
   3.688 0.892
   3.738 1.044
   3.788 0.855
   3.839 1.022
   3.889 0.867
   3.940 1.062
   3.990 1.053
   4.040 0.861
   4.091 1.033
   4.141 0.901
   4.191 1.098
   4.242 0.957
   4.292 1.121
   4.343 0.957
   4.393 1.081
   4.443 1.087
   4.494 0.917
   4.544 1.092
   4.594 0.923
   4.645 1.059
   4.695 0.881
   4.746 1.028
   4.796 1.045
   4.846 0.886
   4.897 1.072
   4.947 0.892
   4.997 1.047
