# x  t
   0.081 1.840
   0.141 8.253
   0.191 14.215
   0.262 7.439
   0.322 8.517
   0.382 9.703
   0.432 13.521
   0.503 7.377
   0.563 8.503
   0.614 13.640
   0.674 8.568
   0.734 9.809
   0.805 7.197
   0.865 11.411
   0.915 10.289
   0.969 9.296
   1.029 9.670
   1.106 6.639
   1.167 11.340
   1.211 11.872
   1.287 6.717
   1.348 9.698
   1.408 8.423
   1.458 13.519
   1.513 9.299
   1.589 6.707
   1.639 9.934
   1.700 12.831
   1.755 8.826
   1.830 6.835
   1.880 13.816
   1.937 8.933
   1.998 9.685
   2.072 6.871
   2.132 11.392
   2.179 10.884
   2.253 6.947
   2.300 12.233
   2.373 6.973
   2.434 11.325
   2.482 10.511
   2.554 7.165
   2.615 8.474
   2.675 9.977
   2.724 13.700
   2.785 8.279
   2.856 7.301
   2.906 9.945
   2.977 9.470
   3.037 11.343
   3.087 10.040
   3.158 7.320
   3.218 11.497
   3.268 10.408
   3.329 8.398
   3.389 9.787
   3.460 7.191
   3.520 11.471
   3.562 12.311
   3.641 6.289
   3.701 9.779
   3.761 8.524
   3.812 13.419
   3.882 7.366
   3.942 8.504
   4.003 9.535
   4.053 13.599
   4.113 8.585
   4.184 7.295
   4.234 13.798
   4.294 8.436
   4.355 9.692
   4.425 7.183
   4.485 11.374
   4.530 11.380
   4.606 6.701
   4.651 13.077
   4.727 6.805
   4.787 11.261
   4.833 11.349
   4.908 6.867
   4.954 12.435
   5.028 6.865
   5.079 13.737
   5.136 8.993
   5.209 7.070
   5.260 10.153
   5.320 12.516
   5.378 8.813
   5.451 7.052
   5.499 14.200
   5.559 8.156
   5.620 9.807
   5.692 7.151
   5.752 11.177
   5.802 10.554
   5.873 7.265
   5.923 11.693
   5.993 7.203
