# t  x
   0.071 0.000
   0.121 3.540
   0.191 4.905
   0.252 11.286
   0.303 11.968
   0.372 6.100
   0.424 12.832
   0.484 6.980
   0.553 9.829
   0.605 11.426
   0.666 6.804
   0.734 9.898
   0.787 8.256
   0.855 10.127
   0.908 11.523
   0.969 7.266
   1.036 10.208
   1.090 7.918
   1.157 10.087
   1.211 12.676
   1.271 5.764
   1.338 9.964
   1.392 6.207
   1.453 12.178
   1.519 10.459
   1.574 6.309
   1.634 11.425
   1.700 10.607
   1.755 7.812
   1.816 11.032
   1.876 9.904
   1.937 7.134
   1.998 11.167
   2.058 6.815
   2.122 10.337
   2.179 10.276
   2.240 7.231
   2.303 10.736
   2.361 5.995
   2.421 12.536
   2.482 11.577
   2.542 5.728
   2.603 11.311
   2.663 11.228
   2.724 7.083
   2.785 11.048
   2.845 5.339
   2.906 11.340
   2.966 11.092
   3.027 6.953
   3.077 10.350
   3.147 9.988
   3.198 13.836
   3.259 5.650
   3.328 9.845
   3.380 8.301
   3.449 9.702
   3.509 10.990
   3.561 6.757
   3.630 9.610
   3.682 12.560
   3.743 7.064
   3.811 10.082
   3.864 11.593
   3.924 7.180
   3.992 10.255
   4.045 8.114
   4.113 10.098
   4.166 11.050
   4.227 7.019
   4.294 10.077
   4.348 7.659
   4.415 10.025
   4.469 12.577
   4.530 5.878
   4.596 10.378
   4.651 6.308
   4.711 12.589
   4.777 10.619
   4.832 6.249
   4.893 11.242
   4.958 10.439
   5.014 7.565
   5.075 11.003
   5.135 9.701
   5.196 6.981
   5.256 11.234
   5.317 7.064
   5.380 10.850
   5.438 10.481
   5.498 7.373
   5.561 10.810
   5.619 5.901
   5.680 12.285
   5.741 11.214
   5.801 5.598
   5.862 11.039
   5.922 11.096
   5.983 7.112
