# t  x
   0.061 0.000
   0.122 0.297
   0.191 4.302
   0.243 6.790
   0.312 8.210
   0.364 11.771
   0.424 5.284
   0.493 8.892
   0.545 12.075
   0.606 6.753
   0.674 10.013
   0.727 11.916
   0.787 7.378
   0.848 11.612
   0.908 7.232
   0.976 10.351
   1.029 11.016
   1.090 7.035
   1.151 10.736
   1.211 6.623
   1.278 9.634
   1.332 12.076
   1.393 5.747
   1.459 10.736
   1.514 6.448
   1.574 13.170
   1.635 11.825
   1.695 5.963
   1.756 11.312
   1.816 5.574
   1.877 12.202
   1.941 10.091
   1.998 5.708
   2.059 10.799
   2.119 11.026
   2.180 7.099
   2.240 11.494
   2.301 10.468
   2.361 7.557
   2.422 11.728
   2.482 5.718
   2.543 12.424
   2.603 9.560
   2.664 6.903
   2.725 10.640
   2.785 5.178
   2.846 13.513
   2.906 9.886
   2.967 7.498
   3.027 11.929
   3.078 12.335
   3.148 6.365
   3.199 13.418
   3.259 6.999
   3.329 9.621
   3.380 11.202
   3.441 6.583
   3.510 9.434
   3.562 7.846
   3.630 9.718
   3.683 11.633
   3.744 7.546
   3.811 10.630
   3.865 8.410
   3.932 10.210
   3.986 12.944
   4.046 5.664
   4.113 9.863
   4.167 5.979
   4.228 11.662
   4.294 9.885
   4.349 5.954
   4.410 11.457
   4.475 10.840
   4.531 8.104
   4.591 11.807
   4.652 10.168
   4.712 7.379
   4.773 11.227
   4.833 6.779
   4.897 10.057
   4.954 9.957
   5.015 6.804
   5.078 10.366
   5.136 5.786
   5.197 12.572
   5.257 11.904
   5.318 5.974
   5.378 11.868
   5.439 11.538
   5.499 7.133
   5.560 10.734
   5.621 5.336
   5.681 10.992
   5.742 10.597
   5.802 6.876
   5.863 10.851
   5.923 9.914
   5.984 7.674
