# t  x
   0.061 0.455
   0.131 2.352
   0.191 9.644
   0.242 11.646
   0.312 6.181
   0.363 13.344
   0.424 7.210
   0.493 10.134
   0.545 11.771
   0.605 7.031
   0.674 9.827
   0.726 7.963
   0.795 9.651
   0.847 10.928
   0.908 7.036
   0.976 10.008
   1.029 7.983
   1.096 10.420
   1.150 13.029
   1.211 5.976
   1.277 10.302
   1.332 12.336
   1.392 6.882
   1.458 10.229
   1.513 6.184
   1.574 10.900
   1.639 10.200
   1.695 7.586
   1.755 11.201
   1.816 10.119
   1.877 7.447
   1.937 11.537
   1.998 7.176
   2.061 10.540
   2.119 10.397
   2.179 7.050
   2.242 10.523
   2.300 5.719
   2.361 12.001
   2.421 11.163
   2.482 5.580
   2.543 11.609
   2.603 11.559
   2.664 7.313
   2.724 11.430
   2.785 5.637
   2.845 11.356
   2.906 11.112
   2.966 8.048
   3.027 9.592
   3.078 8.192
   3.148 9.488
   3.199 11.573
   3.259 7.137
   3.329 9.930
   3.380 8.535
   3.450 9.909
   3.501 13.588
   3.562 5.763
   3.631 9.771
   3.683 12.657
   3.743 6.812
   3.812 9.810
   3.864 11.184
   3.925 6.968
   3.985 11.045
   4.046 7.064
   4.113 10.631
   4.167 11.362
   4.228 7.280
   4.294 10.290
   4.349 7.745
   4.415 10.024
   4.470 10.670
   4.530 7.017
   4.596 9.929
   4.651 6.137
   4.712 12.281
   4.772 11.536
   4.833 6.027
   4.894 11.563
   4.954 5.772
   5.015 12.637
   5.079 10.775
   5.136 5.945
   5.196 11.183
   5.260 10.424
   5.317 7.059
   5.378 10.903
   5.438 9.603
   5.499 7.329
   5.559 11.376
   5.620 5.849
   5.681 12.997
   5.741 9.785
   5.802 7.398
   5.862 11.169
   5.923 5.557
   5.983 12.275
