# t  x
   0.061 0.000
   0.131 2.038
   0.182 10.561
   0.243 5.304
   0.312 9.610
   0.364 8.222
   0.433 9.677
   0.493 11.218
   0.545 6.527
   0.614 9.585
   0.666 11.874
   0.727 6.702
   0.795 9.763
   0.848 11.155
   0.908 7.279
   0.976 10.656
   1.030 8.394
   1.090 11.379
   1.151 10.154
   1.211 7.274
   1.272 11.095
   1.332 6.747
   1.398 9.787
   1.453 11.666
   1.514 5.528
   1.579 10.398
   1.635 6.132
   1.696 12.524
   1.760 11.366
   1.817 6.355
   1.877 11.674
   1.941 10.897
   1.998 7.418
   2.059 10.732
   2.119 9.454
   2.180 6.979
   2.240 10.598
   2.301 6.843
   2.362 11.115
   2.422 10.089
   2.483 7.556
   2.543 11.808
   2.604 5.882
   2.664 12.582
   2.725 9.940
   2.785 7.048
   2.846 10.960
   2.897 12.980
   2.957 5.497
   3.027 9.284
   3.078 7.981
   3.148 9.821
   3.199 13.903
   3.260 6.043
   3.329 10.283
   3.381 13.288
   3.441 7.114
   3.510 9.818
   3.562 11.027
   3.623 6.654
   3.691 9.687
   3.744 7.707
   3.805 10.701
   3.865 9.931
   3.926 7.440
   3.986 11.874
   4.047 7.377
   4.113 10.428
   4.168 12.793
   4.228 5.733
   4.294 10.169
   4.349 5.911
   4.410 11.948
   4.471 10.669
   4.531 5.433
   4.592 11.180
   4.652 5.639
   4.713 14.710
   4.773 10.381
   4.834 7.541
   4.894 11.374
   4.955 5.783
   5.016 12.341
   5.076 9.567
   5.137 7.002
   5.197 10.589
   5.258 5.424
   5.318 12.118
   5.379 11.521
   5.439 5.860
   5.500 11.971
   5.560 11.831
   5.611 6.853
   5.681 9.804
   5.732 9.912
   5.802 9.612
   5.853 11.223
   5.913 6.719
   5.983 9.492
