# x  t
   0.071 1.593
   0.141 5.081
   0.201 8.999
   0.262 9.818
   0.312 13.556
   0.383 7.405
   0.443 8.517
   0.493 13.651
   0.553 8.533
   0.614 9.921
   0.684 7.183
   0.745 11.373
   0.795 10.249
   0.848 9.392
   0.908 9.649
   0.986 6.562
   1.046 11.375
   1.090 11.901
   1.167 6.734
   1.227 9.716
   1.288 8.393
   1.338 13.534
   1.408 7.241
   1.469 8.625
   1.519 10.131
   1.579 12.760
   1.650 7.168
   1.710 8.458
   1.760 13.858
   1.816 8.850
   1.877 9.700
   1.951 6.825
   2.012 11.377
   2.059 11.016
   2.132 6.979
   2.180 12.321
   2.253 6.935
   2.313 11.223
   2.361 10.625
   2.434 7.158
   2.484 10.249
   2.555 8.545
   2.603 13.865
   2.664 8.476
   2.735 7.253
   2.785 10.055
   2.856 9.443
   2.916 11.381
   2.967 10.147
   3.037 7.215
   3.098 11.269
   3.148 10.508
   3.208 8.451
   3.269 9.743
   3.339 7.151
   3.399 11.443
   3.441 12.351
   3.520 6.213
   3.580 9.734
   3.641 8.508
   3.691 13.539
   3.761 7.367
   3.822 8.492
   3.882 9.635
   3.932 13.540
   3.993 8.634
   4.063 7.294
   4.113 13.720
   4.174 8.486
   4.234 9.925
   4.304 7.042
   4.365 11.342
   4.415 10.283
   4.485 7.183
   4.530 13.181
   4.606 6.776
   4.666 11.392
   4.712 11.353
   4.787 6.864
   4.833 12.722
   4.908 6.829
   4.958 13.695
   5.015 9.028
   5.089 6.994
   5.139 10.212
   5.199 12.748
   5.257 8.614
   5.330 6.982
   5.380 13.758
   5.438 8.559
   5.499 9.657
   5.571 7.170
   5.631 8.458
   5.681 14.018
   5.752 7.140
   5.802 11.546
   5.873 7.186
   5.933 11.287
   5.983 10.183
