# x  t
   0.081 1.326
   0.131 6.069
   0.182 9.875
   0.243 9.767
   0.322 6.286
   0.383 11.393
   0.424 12.261
   0.503 6.373
   0.564 9.798
   0.624 8.590
   0.674 13.475
   0.745 7.297
   0.805 8.558
   0.865 9.616
   0.915 13.613
   0.986 7.291
   1.046 8.404
   1.096 13.878
   1.151 9.423
   1.211 9.799
   1.288 6.461
   1.348 11.304
   1.393 11.647
   1.469 6.616
   1.514 13.045
   1.589 6.787
   1.650 11.177
   1.695 11.118
   1.770 6.776
   1.816 12.457
   1.891 6.892
   1.941 13.653
   1.998 8.998
   2.072 7.098
   2.119 10.836
   2.180 12.618
   2.240 8.240
   2.313 7.012
   2.361 14.399
   2.422 8.418
   2.482 9.759
   2.554 7.149
   2.615 11.124
   2.664 10.378
   2.735 7.145
   2.785 6.736
   2.846 13.907
   2.916 7.189
   2.977 8.601
   3.027 13.710
   3.097 7.367
   3.158 8.521
   3.218 9.751
   3.268 13.558
   3.329 8.568
   3.399 7.307
   3.449 13.454
   3.510 8.486
   3.570 9.840
   3.640 7.041
   3.701 11.291
   3.751 10.439
   3.804 9.484
   3.865 9.715
   3.942 6.545
   4.002 11.392
   4.046 11.898
   4.123 6.693
   4.167 13.248
   4.244 6.658
   4.294 13.558
   4.349 9.235
   4.425 6.797
   4.475 10.112
   4.535 12.831
   4.591 8.962
   4.666 6.825
   4.716 13.958
   4.773 8.962
   4.833 9.734
   4.907 6.792
   4.968 11.388
   5.015 10.972
   5.088 7.002
   5.136 12.205
   5.209 7.023
   5.269 11.244
   5.318 10.494
   5.390 7.105
   5.450 8.273
   5.511 9.796
   5.560 13.506
   5.621 8.356
   5.691 7.365
   5.742 10.124
   5.802 12.673
   5.863 8.460
   5.934 7.272
   5.984 13.972
