# t  x
   0.071 0.000
   0.131 1.735
   0.192 4.456
   0.252 9.771
   0.303 10.385
   0.363 6.442
   0.424 5.342
   0.494 11.825
   0.545 13.683
   0.605 5.895
   0.675 10.091
   0.726 13.391
   0.787 7.122
   0.856 10.004
   0.908 11.269
   0.969 6.821
   1.029 10.516
   1.090 6.802
   1.157 9.850
   1.211 11.126
   1.271 7.279
   1.338 10.512
   1.392 8.119
   1.459 10.447
   1.513 11.261
   1.574 7.266
   1.640 10.183
   1.695 6.121
   1.756 11.969
   1.816 10.912
   1.877 5.546
   1.937 10.945
   1.998 5.656
   2.058 12.695
   2.122 11.275
   2.179 6.211
   2.240 11.720
   2.303 10.879
   2.361 7.295
   2.422 10.778
   2.482 9.535
   2.543 6.998
   2.603 10.549
   2.664 5.534
   2.724 12.438
   2.785 9.848
   2.845 7.596
   2.906 11.767
   2.967 5.837
   3.027 12.692
   3.088 11.476
   3.138 6.513
   3.208 9.408
   3.259 13.023
   3.320 5.382
   3.389 9.491
   3.441 8.179
   3.510 9.913
   3.570 11.615
   3.622 7.002
   3.691 10.368
   3.743 12.940
   3.804 7.078
   3.872 10.031
   3.925 11.056
   3.986 6.770
   4.053 9.646
   4.107 7.701
   4.178 9.204
   4.228 13.838
   4.289 5.898
   4.359 10.073
   4.410 10.288
   4.479 10.236
   4.531 11.814
   4.592 7.033
   4.660 9.851
   4.713 7.841
   4.781 9.438
   4.834 10.957
   4.894 6.932
   4.962 9.904
   5.015 8.169
   5.083 10.362
   5.136 13.323
   5.197 5.944
   5.264 10.397
   5.318 6.370
   5.378 12.581
   5.445 9.994
   5.499 6.097
   5.560 10.754
   5.626 10.039
   5.681 7.755
   5.742 11.098
   5.802 10.222
   5.863 7.557
   5.923 11.730
   5.984 7.192
