# x  t
   0.071 3.270
   0.141 7.172
   0.192 13.853
   0.262 7.373
   0.323 8.387
   0.373 13.418
   0.424 9.727
   0.504 6.491
   0.564 11.377
   0.614 10.229
   0.685 7.080
   0.745 9.735
   0.805 8.553
   0.856 13.678
   0.926 7.325
   0.986 8.457
   1.047 9.566
   1.097 13.497
   1.157 8.535
   1.228 7.308
   1.278 13.679
   1.338 8.469
   1.399 9.692
   1.469 7.084
   1.529 11.427
   1.580 10.229
   1.650 7.112
   1.695 13.221
   1.771 6.785
   1.831 11.177
   1.877 11.226
   1.952 6.800
   1.998 12.459
   2.072 6.818
   2.122 13.719
   2.179 9.057
   2.253 7.055
   2.303 10.235
   2.364 12.567
   2.422 8.593
   2.494 7.048
   2.543 14.140
   2.603 8.172
   2.664 9.688
   2.736 7.175
   2.796 11.226
   2.845 10.499
   2.917 7.285
   2.967 11.775
   3.037 7.361
   3.098 11.322
   3.148 10.166
   3.219 7.222
   3.279 11.324
   3.329 10.328
   3.380 9.680
   3.441 9.700
   3.520 6.412
   3.570 13.774
   3.622 9.902
   3.701 6.488
   3.762 9.733
   3.822 11.126
   3.872 10.227
   3.943 7.278
   4.003 11.242
   4.053 10.306
   4.117 9.285
   4.188 7.036
   4.248 11.378
   4.298 10.288
   4.349 9.684
   4.419 9.690
   4.479 8.611
   4.550 7.222
   4.600 13.558
   4.660 8.585
   4.721 9.909
   4.791 7.154
   4.852 11.343
   4.902 10.263
   4.955 9.381
   5.015 9.737
   5.093 6.369
   5.153 11.394
   5.197 11.891
   5.274 6.638
   5.318 13.497
   5.395 6.718
   5.445 13.599
   5.499 9.407
   5.576 6.687
   5.626 9.973
   5.686 12.782
   5.742 9.166
   5.817 6.730
   5.867 13.760
   5.923 8.869
   5.984 9.751
