# t  x
   0.071 0.014
   0.131 2.748
   0.182 6.552
   0.252 9.472
   0.303 11.400
   0.363 6.786
   0.433 9.613
   0.484 8.190
   0.554 9.753
   0.605 13.639
   0.666 5.778
   0.735 10.064
   0.787 8.230
   0.855 9.984
   0.908 12.768
   0.969 5.913
   1.036 9.675
   1.090 12.265
   1.150 6.897
   1.217 10.120
   1.271 11.241
   1.332 7.095
   1.398 10.589
   1.453 8.026
   1.513 11.365
   1.574 9.884
   1.635 7.114
   1.695 11.150
   1.756 6.780
   1.821 10.195
   1.877 10.266
   1.937 7.277
   2.002 10.458
   2.058 6.045
   2.119 12.610
   2.182 11.082
   2.240 6.113
   2.300 11.323
   2.363 10.924
   2.422 7.321
   2.482 11.015
   2.543 5.389
   2.603 11.188
   2.664 11.091
   2.724 6.878
   2.785 11.381
   2.845 9.946
   2.906 7.492
   2.966 11.430
   3.027 5.666
   3.077 16.934
   3.148 6.039
   3.208 11.072
   3.259 11.607
   3.329 5.990
   3.380 12.682
   3.441 6.946
   3.510 10.006
   3.562 11.776
   3.622 7.164
   3.691 10.192
   3.743 8.366
   3.811 9.790
   3.864 11.237
   3.925 7.166
   3.992 9.851
   4.046 7.752
   4.113 9.783
   4.167 12.554
   4.227 5.747
   4.294 10.214
   4.348 6.615
   4.409 12.871
   4.475 10.512
   4.530 6.416
   4.591 11.209
   4.656 10.402
   4.712 7.619
   4.772 10.981
   4.833 9.609
   4.893 6.962
   4.954 11.270
   5.014 6.895
   5.078 10.727
   5.135 10.665
   5.196 7.428
   5.259 10.841
   5.317 5.971
   5.378 12.327
   5.438 11.198
   5.499 5.647
   5.559 10.919
   5.620 11.179
   5.680 6.932
   5.741 11.168
   5.801 5.619
   5.862 11.652
   5.923 11.489
   5.973 6.817
