# x  t
   0.070 1.873
   0.141 6.104
   0.201 11.781
   0.252 10.566
   0.303 9.754
   0.364 9.719
   0.443 6.435
   0.493 13.772
   0.545 9.890
   0.624 6.546
   0.684 9.701
   0.744 8.409
   0.795 13.620
   0.865 7.325
   0.925 8.500
   0.976 13.440
   1.036 9.905
   1.106 7.041
   1.167 8.425
   1.217 13.910
   1.272 9.213
   1.332 9.819
   1.408 6.677
   1.468 11.443
   1.514 11.537
   1.589 6.925
   1.635 12.813
   1.710 6.814
   1.760 13.539
   1.817 8.974
   1.891 6.914
   1.941 9.935
   2.011 8.461
   2.059 14.111
   2.132 6.940
   2.182 10.351
   2.240 8.613
   2.301 12.540
   2.373 7.017
   2.433 8.455
   2.483 13.997
   2.543 8.542
   2.604 9.673
   2.675 7.144
   2.735 11.193
   2.786 10.166
   2.856 7.345
   2.916 11.473
   2.967 10.267
   3.018 9.764
   3.078 9.727
   3.158 6.385
   3.218 11.391
   3.260 12.503
   3.339 6.416
   3.399 9.686
   3.459 8.525
   3.510 13.341
   3.580 7.183
   3.640 8.443
   3.691 9.955
   3.751 12.831
   3.821 7.185
   3.882 8.425
   3.932 13.798
   3.986 9.170
   4.047 9.757
   4.123 6.548
   4.183 11.410
   4.228 11.487
   4.304 6.665
   4.350 12.893
   4.425 6.854
   4.485 11.112
   4.531 10.867
   4.605 6.872
   4.652 14.202
   4.713 8.592
   4.786 6.976
   4.834 14.518
   4.894 8.220
   4.955 9.689
   5.028 7.089
   5.088 11.160
   5.137 10.563
   5.209 7.181
   5.258 11.927
   5.329 7.279
   5.389 11.441
   5.439 10.408
   5.510 7.502
   5.570 11.382
   5.621 10.107
   5.671 9.779
   5.741 9.575
   5.802 8.536
   5.872 7.224
   5.922 13.554
   5.983 8.651
