# t  x
   0.061 0.613
   0.131 2.492
   0.191 9.895
   0.242 6.184
   0.312 9.525
   0.363 12.967
   0.424 7.139
   0.493 10.050
   0.545 11.625
   0.606 6.983
   0.674 9.779
   0.727 8.034
   0.795 9.667
   0.848 10.961
   0.908 7.017
   0.976 10.008
   1.029 7.986
   1.096 10.190
   1.150 13.156
   1.211 5.895
   1.277 10.247
   1.332 6.370
   1.392 12.317
   1.458 10.277
   1.513 6.073
   1.574 10.962
   1.639 10.213
   1.695 7.511
   1.756 11.362
   1.816 10.024
   1.877 7.376
   1.937 11.342
   1.998 7.145
   2.062 10.599
   2.119 10.421
   2.179 7.117
   2.243 10.388
   2.300 5.803
   2.361 11.978
   2.421 11.194
   2.482 5.662
   2.543 11.366
   2.603 11.657
   2.664 7.248
   2.724 11.471
   2.785 5.551
   2.845 11.537
   2.906 11.157
   2.967 6.807
   3.027 10.884
   3.088 9.512
   3.148 7.112
   3.209 11.131
   3.259 12.026
   3.320 7.233
   3.380 11.256
   3.441 7.268
   3.510 10.014
   3.562 11.540
   3.622 7.071
   3.683 11.087
   3.743 6.766
   3.812 9.474
   3.864 12.958
   3.925 5.582
   3.993 9.899
   4.046 6.635
   4.107 12.754
   4.174 10.312
   4.228 6.828
   4.288 11.348
   4.349 10.984
   4.409 7.044
   4.476 10.037
   4.530 10.786
   4.591 6.900
   4.657 10.040
   4.712 7.671
   4.778 10.298
   4.833 11.088
   4.893 7.464
   4.959 10.545
   5.014 6.245
   5.075 12.606
   5.136 11.167
   5.196 5.789
   5.257 10.894
   5.317 5.606
   5.378 11.950
   5.441 10.772
   5.499 5.950
   5.559 11.468
   5.622 11.238
   5.681 7.404
   5.741 11.351
   5.802 9.935
   5.862 7.179
   5.923 10.977
   5.983 5.548
