# t  x
   0.071 0.000
   0.121 0.317
   0.191 3.977
   0.242 11.668
   0.303 5.367
   0.372 9.648
   0.424 13.030
   0.484 7.327
   0.553 10.458
   0.606 11.801
   0.666 7.178
   0.727 11.016
   0.787 7.148
   0.855 9.637
   0.908 10.834
   0.969 6.966
   1.029 10.669
   1.090 6.984
   1.157 10.101
   1.211 13.187
   1.271 6.047
   1.337 10.645
   1.393 6.414
   1.453 12.546
   1.514 11.244
   1.574 5.662
   1.635 10.777
   1.695 5.363
   1.756 13.517
   1.817 9.703
   1.877 7.231
   1.938 11.674
   1.998 5.919
   2.059 12.962
   2.119 10.232
   2.180 7.366
   2.240 11.191
   2.301 5.524
   2.361 12.282
   2.422 10.661
   2.483 5.497
   2.543 10.983
   2.604 11.161
   2.664 7.174
   2.725 11.486
   2.785 10.394
   2.846 7.384
   2.906 11.605
   2.957 11.776
   3.027 6.054
   3.078 12.488
   3.139 6.733
   3.208 9.586
   3.260 11.060
   3.320 7.032
   3.389 10.119
   3.441 8.323
   3.509 10.448
   3.562 11.763
   3.623 7.417
   3.690 10.137
   3.744 8.004
   3.811 9.594
   3.865 12.185
   3.925 5.665
   3.992 9.662
   4.046 12.116
   4.107 7.016
   4.173 10.722
   4.228 6.578
   4.288 11.721
   4.354 10.762
   4.410 7.754
   4.470 11.162
   4.531 9.656
   4.591 7.048
   4.652 10.638
   4.712 6.782
   4.776 10.140
   4.833 10.207
   4.894 7.516
   4.957 11.156
   5.015 6.094
   5.075 12.893
   5.136 11.562
   5.196 5.712
   5.257 11.124
   5.317 11.078
   5.378 6.700
   5.439 10.764
   5.499 5.453
   5.560 11.111
   5.620 11.325
   5.681 7.189
   5.741 11.675
   5.802 10.182
   5.862 7.461
   5.923 11.459
   5.984 5.565
