# x  t
   0.071 4.195
   0.141 7.624
   0.192 13.272
   0.262 7.377
   0.322 8.520
   0.373 13.241
   0.433 8.567
   0.493 9.872
   0.564 6.983
   0.624 11.424
   0.674 10.408
   0.727 9.779
   0.787 9.640
   0.866 6.510
   0.926 11.526
   0.969 12.338
   1.047 6.534
   1.107 9.719
   1.167 8.426
   1.217 13.793
   1.288 7.279
   1.348 8.359
   1.398 10.053
   1.459 12.751
   1.529 7.043
   1.589 8.458
   1.640 13.955
   1.695 9.141
   1.756 9.686
   1.831 6.816
   1.891 11.490
   1.937 11.401
   2.012 6.812
   2.058 12.551
   2.132 6.873
   2.182 13.575
   2.240 8.930
   2.313 6.903
   2.363 10.011
   2.434 8.535
   2.482 13.819
   2.543 8.428
   2.615 7.181
   2.664 10.370
   2.724 12.559
   2.785 8.461
   2.856 7.152
   2.906 14.187
   2.966 8.377
   3.027 5.677
   3.097 10.964
   3.158 8.436
   3.208 13.777
   3.279 7.477
   3.339 8.455
   3.399 9.701
   3.449 13.615
   3.510 8.618
   3.580 7.295
   3.630 13.237
   3.691 8.585
   3.751 9.859
   3.822 6.983
   3.882 11.460
   3.932 10.402
   3.985 9.329
   4.046 9.735
   4.123 6.612
   4.184 11.423
   4.227 11.790
   4.304 6.636
   4.348 13.320
   4.425 6.628
   4.475 13.599
   4.530 9.339
   4.606 6.685
   4.656 10.234
   4.716 12.799
   4.772 8.892
   4.847 6.839
   4.897 14.059
   4.954 8.687
   5.014 9.735
   5.088 6.687
   5.149 11.492
   5.196 10.992
   5.269 6.939
   5.317 12.403
   5.390 6.990
   5.450 11.303
   5.499 10.632
   5.571 7.010
   5.631 8.475
   5.691 9.961
   5.741 13.464
   5.801 8.392
   5.872 7.504
   5.923 13.234
   5.973 10.094
