# t  x
   0.071 0.000
   0.121 2.797
   0.182 4.913
   0.243 10.658
   0.303 6.815
   0.372 9.661
   0.424 11.289
   0.485 6.767
   0.553 9.554
   0.606 7.964
   0.674 9.536
   0.727 13.306
   0.787 5.848
   0.855 10.375
   0.908 8.346
   0.976 10.319
   1.029 12.845
   1.090 5.760
   1.157 10.016
   1.211 11.948
   1.272 6.717
   1.338 10.109
   1.393 10.741
   1.453 7.069
   1.519 10.521
   1.574 8.017
   1.635 11.577
   1.695 10.144
   1.756 7.363
   1.816 11.249
   1.877 6.943
   1.941 10.225
   1.998 10.137
   2.059 6.933
   2.122 10.430
   2.180 5.945
   2.240 12.311
   2.301 11.822
   2.361 5.811
   2.422 11.704
   2.484 11.189
   2.543 7.289
   2.603 11.111
   2.664 5.421
   2.725 11.191
   2.785 10.762
   2.846 8.116
   2.906 9.610
   2.967 7.165
   3.027 11.550
   3.078 12.098
   3.138 7.336
   3.208 10.007
   3.259 8.414
   3.329 9.598
   3.380 13.285
   3.441 5.581
   3.510 9.364
   3.562 12.681
   3.623 6.757
   3.691 9.891
   3.744 11.784
   3.804 7.251
   3.865 11.596
   3.925 7.131
   3.993 10.415
   4.046 11.268
   4.107 6.983
   4.174 9.905
   4.228 7.549
   4.294 9.815
   4.349 10.432
   4.409 7.182
   4.475 10.287
   4.530 6.312
   4.596 12.033
   4.651 12.771
   4.712 5.927
   4.773 11.411
   4.833 5.694
   4.894 12.199
   4.958 10.367
   5.015 5.828
   5.075 10.878
   5.139 10.534
   5.196 7.448
   5.257 11.361
   5.317 10.155
   5.378 7.494
   5.438 11.548
   5.499 5.685
   5.560 12.584
   5.620 9.751
   5.681 7.077
   5.741 10.766
   5.802 5.430
   5.862 12.191
   5.923 11.053
   5.974 6.848
