# x  t
   0.071 0.020
   0.121 4.878
   0.201 6.426
   0.262 11.689
   0.303 12.733
   0.382 6.468
   0.443 9.815
   0.503 8.556
   0.553 13.580
   0.624 7.111
   0.684 8.476
   0.744 9.537
   0.795 13.578
   0.865 7.308
   0.925 8.338
   0.976 14.036
   1.029 9.425
   1.090 9.697
   1.167 6.453
   1.227 11.475
   1.272 11.544
   1.348 6.655
   1.393 13.182
   1.468 6.801
   1.528 11.161
   1.574 11.196
   1.649 6.829
   1.695 14.264
   1.770 6.947
   1.830 8.541
   1.880 13.738
   1.938 8.680
   1.998 9.731
   2.071 7.031
   2.132 11.390
   2.180 10.556
   2.252 7.093
   2.301 11.725
   2.373 7.017
   2.433 11.472
   2.483 10.458
   2.554 7.348
   2.614 8.507
   2.675 9.840
   2.725 13.431
   2.795 7.230
   2.856 8.585
   2.906 13.680
   2.976 7.368
   3.037 8.617
   3.097 9.717
   3.147 13.322
   3.218 7.290
   3.278 8.519
   3.328 13.522
   3.389 8.535
   3.449 9.888
   3.520 7.011
   3.580 11.275
   3.630 10.329
   3.683 9.396
   3.744 9.755
   3.821 6.644
   3.882 11.490
   3.925 11.932
   4.002 6.668
   4.063 9.667
   4.123 8.425
   4.173 13.698
   4.228 9.379
   4.304 6.712
   4.354 9.935
   4.414 12.814
   4.470 8.903
   4.545 6.764
   4.595 13.758
   4.652 9.040
   4.712 9.689
   4.786 6.808
   4.847 11.441
   4.894 11.258
   4.967 7.071
   5.015 12.282
   5.088 6.939
   5.148 11.377
   5.196 10.599
   5.269 7.040
   5.329 8.291
   5.390 9.930
   5.439 13.595
   5.499 8.407
   5.570 7.287
   5.620 10.262
   5.681 12.686
   5.741 8.425
   5.812 7.260
   5.862 13.874
   5.923 8.540
   5.984 5.610
