# x  t
   0.071 5.728
   0.141 7.748
   0.202 8.501
   0.252 13.620
   0.322 7.356
   0.382 8.370
   0.443 9.748
   0.493 13.621
   0.553 8.583
   0.624 7.309
   0.674 13.278
   0.734 8.569
   0.795 9.842
   0.865 6.998
   0.925 11.494
   0.976 10.368
   1.029 9.549
   1.090 9.638
   1.167 6.650
   1.227 11.457
   1.271 12.031
   1.348 6.610
   1.392 13.130
   1.468 6.692
   1.519 13.739
   1.574 9.296
   1.649 6.658
   1.700 10.232
   1.760 12.781
   1.816 8.815
   1.891 6.880
   1.941 13.998
   1.998 9.003
   2.058 9.640
   2.132 6.940
   2.192 11.477
   2.240 10.943
   2.313 6.910
   2.361 12.230
   2.433 6.997
   2.494 11.472
   2.542 10.560
   2.614 6.966
   2.675 8.342
   2.735 10.028
   2.785 13.389
   2.845 8.493
   2.916 7.318
   2.966 10.114
   3.027 9.741
   3.087 11.491
   3.158 7.193
   3.218 11.423
   3.268 10.229
   3.319 9.608
   3.380 9.703
   3.459 6.512
   3.509 13.639
   3.561 10.016
   3.640 6.433
   3.701 9.751
   3.751 13.356
   3.811 8.585
   3.882 7.294
   3.932 13.456
   3.992 8.549
   4.053 9.847
   4.123 7.025
   4.183 11.473
   4.234 10.170
   4.288 9.177
   4.348 9.883
   4.425 6.689
   4.485 11.488
   4.530 11.811
   4.606 6.663
   4.651 13.013
   4.726 6.740
   4.777 13.673
   4.832 9.244
   4.907 6.714
   4.958 10.031
   5.018 12.778
   5.075 8.779
   5.149 6.910
   5.199 13.959
   5.256 8.885
   5.317 9.607
   5.390 6.973
   5.450 8.506
   5.498 14.749
   5.571 6.946
   5.619 12.125
   5.692 7.042
   5.752 11.357
   5.801 10.429
   5.873 7.056
   5.933 8.340
   5.993 10.019
