# x  t
   0.081 2.169
   0.141 8.200
   0.191 13.697
   0.242 10.112
   0.322 6.400
   0.382 9.849
   0.433 13.604
   0.493 8.550
   0.563 7.308
   0.614 13.281
   0.674 8.552
   0.734 9.825
   0.805 7.212
   0.865 11.439
   0.915 10.384
   0.969 9.264
   1.029 9.753
   1.107 6.418
   1.167 11.458
   1.211 11.827
   1.288 6.651
   1.332 13.376
   1.408 6.679
   1.458 13.536
   1.513 9.323
   1.589 6.696
   1.639 9.992
   1.700 12.764
   1.756 9.145
   1.830 6.837
   1.881 13.740
   1.937 8.740
   1.998 9.737
   2.072 6.699
   2.132 11.458
   2.179 10.959
   2.253 6.905
   2.300 12.438
   2.373 7.011
   2.434 11.302
   2.482 10.616
   2.554 7.036
   2.615 8.357
   2.675 9.980
   2.724 13.421
   2.785 8.472
   2.856 7.457
   2.906 9.858
   2.967 12.501
   3.027 8.443
   3.098 7.239
   3.148 13.774
   3.209 8.617
   3.279 7.293
   3.329 13.277
   3.400 8.393
   3.450 10.045
   3.521 7.250
   3.581 11.517
   3.631 10.368
   3.683 9.868
   3.752 8.507
   3.822 7.250
   3.883 11.457
   3.925 12.068
   4.003 6.502
   4.046 13.897
   4.124 6.518
   4.174 13.477
   4.228 9.806
   4.305 6.536
   4.365 9.633
   4.416 13.591
   4.476 8.517
   4.546 7.307
   4.597 13.759
   4.657 8.485
   4.717 9.660
   4.788 7.084
   4.848 11.409
   4.898 10.187
   4.969 7.014
   5.014 12.982
   5.089 6.861
   5.150 11.217
   5.196 11.105
   5.270 6.836
   5.317 12.317
   5.391 6.921
   5.441 13.533
   5.499 8.895
   5.572 7.129
   5.622 10.155
   5.683 12.544
   5.741 8.714
   5.813 7.094
   5.862 14.014
   5.923 8.154
   5.983 9.800
